15:42:31 0 0 0 0 0 0 60 17 7 9 5 10 4 0 2 12 2 11 11 11 11 3 12 13 11 7 11 11 16 17 11 14 1 1 4 1 0 0 0 0 0 0 0 0 15 15 60 60 60 60 60 60 0 0 0 0 0 0 0 0 0 0 0 0 0 0 0 0 
15:43:31 0 0 0 0 0 0 60 15 8 11 5 9 2 0 6 11 2 8 10 12 10 2 11 10 11 10 11 11 20 17 13 16 0 2 5 1 0 0 0 1 2 0 0 0 30 15 60 60 60 60 60 60 0 0 0 0 0 0 0 0 0 0 0 0 0 0 0 0 
15:44:31 0 0 0 0 0 0 60 12 2 6 4 10 0 0 6 13 0 12 12 10 11 2 13 12 11 14 13 11 17 18 11 15 0 0 0 0 0 0 0 0 0 0 0 0 14 17 60 60 60 60 60 60 0 0 0 0 0 0 0 0 0 0 0 0 0 0 0 0 
15:45:31 0 0 0 0 0 0 60 11 1 13 6 8 0 0 3 10 0 7 11 11 9 2 7 11 10 6 12 12 16 18 11 12 0 0 0 0 2 0 0 0 0 0 0 0 14 18 60 60 60 60 60 60 0 0 0 0 0 0 0 0 0 0 0 0 0 0 0 0 
15:46:31 0 0 0 0 0 0 60 16 2 8 1 12 0 0 0 14 0 5 12 12 9 1 6 9 11 9 14 13 18 17 15 12 0 0 4 0 1 0 0 0 0 0 0 0 0 18 60 60 60 60 60 60 0 0 0 0 0 0 0 0 0 0 0 0 0 0 0 0 
15:47:31 0 0 0 0 0 0 60 12 0 8 0 10 0 0 0 11 0 0 10 12 10 0 8 8 12 9 14 10 16 17 12 18 0 0 10 1 0 0 0 0 0 0 0 0 15 20 60 60 60 60 60 60 0 0 0 0 0 0 0 0 0 0 0 0 0 0 0 0 
15:48:31 0 0 0 0 0 0 60 4 0 2 0 5 0 0 0 10 0 0 11 11 5 3 9 7 12 9 12 12 15 19 11 14 0 0 8 0 2 0 0 0 0 0 0 0 28 16 60 60 60 60 60 60 0 0 0 0 0 0 0 0 0 0 0 0 0 0 0 0 
15:49:31 0 0 0 0 0 0 60 0 2 8 0 9 0 0 0 13 0 1 11 8 8 1 10 10 11 10 17 13 15 16 13 11 0 2 9 0 0 0 0 0 0 0 0 0 14 12 60 60 60 60 60 60 0 0 0 0 0 0 0 0 0 0 0 0 0 0 0 0 
15:50:31 0 0 0 0 0 0 60 8 0 0 0 7 0 0 0 11 0 0 8 3 3 2 10 10 13 10 11 11 14 16 11 3 0 1 11 2 0 0 0 0 0 0 0 0 14 11 60 60 60 60 60 60 0 0 0 0 0 0 0 0 0 0 0 0 0 0 0 0 
15:51:31 0 0 0 0 0 0 60 16 2 3 3 9 3 0 2 13 2 5 9 12 4 1 6 10 12 9 13 11 17 16 13 7 1 0 5 1 0 0 0 0 0 0 0 0 15 0 60 60 60 60 60 60 0 0 0 0 0 0 0 0 0 0 0 0 0 0 0 0 
15:52:31 0 0 0 0 0 0 60 0 3 0 4 9 0 0 0 8 0 11 2 10 5 1 5 12 10 9 11 11 9 18 12 13 0 0 0 0 0 0 0 0 0 0 0 0 0 0 60 60 60 60 60 60 0 0 0 0 0 0 0 0 0 0 0 0 0 0 0 0 
15:53:31 0 0 0 0 0 0 60 0 0 0 5 9 0 0 0 11 0 5 7 15 6 2 2 11 9 7 11 12 16 20 11 16 1 0 3 0 0 0 0 0 0 0 0 0 0 2 60 60 60 60 60 60 0 0 0 0 0 0 0 0 0 0 0 0 0 0 0 0 
15:54:31 0 0 0 0 0 0 60 0 0 0 3 9 0 0 0 3 0 5 4 10 3 0 2 12 1 10 10 11 17 16 10 15 0 0 1 0 0 0 0 0 0 0 0 0 0 0 60 60 60 60 60 60 0 0 0 0 0 0 0 0 0 0 0 0 0 0 0 0 
15:55:31 0 0 0 0 0 0 60 8 0 0 0 6 0 0 0 2 3 5 9 12 2 0 3 10 1 13 11 13 16 14 14 14 0 0 5 0 0 0 0 0 0 0 0 0 0 0 60 60 60 60 60 60 0 0 0 0 0 0 0 0 0 0 0 0 0 0 0 0 
15:56:31 0 0 0 0 0 0 60 32 0 7 0 9 0 0 0 0 14 2 11 10 5 0 3 11 8 12 15 11 20 15 7 14 0 2 7 0 0 0 0 0 0 0 0 0 0 0 60 60 60 60 60 60 0 0 0 0 0 0 0 0 0 0 0 0 0 0 0 0 
15:57:31 0 0 0 0 0 0 60 8 0 6 0 8 0 0 0 2 11 2 10 8 3 0 3 11 11 11 11 11 8 14 11 15 0 0 12 0 0 0 0 0 0 0 0 0 0 0 60 60 60 60 60 60 0 0 0 0 0 0 0 0 0 0 0 0 0 0 0 0 
15:58:31 0 0 0 0 0 0 60 8 1 2 1 7 0 0 0 5 3 5 10 7 5 3 1 11 9 10 12 15 16 15 11 13 0 0 9 0 0 0 0 0 0 0 0 0 0 0 60 60 60 60 60 60 0 0 0 0 0 0 0 0 0 0 0 0 0 0 0 0 
15:59:31 0 0 0 0 0 0 60 0 0 1 0 7 0 0 0 2 0 0 1 13 6 1 2 11 9 4 9 10 17 18 10 7 0 2 8 0 0 0 0 0 0 0 0 0 0 0 60 60 60 60 60 60 0 0 0 0 0 0 0 0 0 0 0 0 0 0 0 0 
16:0:31 0 0 0 0 0 0 60 0 0 0 0 12 0 0 0 0 0 0 0 7 2 0 6 9 8 0 12 12 15 14 15 8 0 0 2 0 0 0 0 0 0 0 0 0 0 0 60 60 60 60 60 60 0 0 0 0 0 0 0 0 0 0 0 0 0 0 0 0 
16:1:31 0 0 0 0 0 0 60 0 0 0 0 7 0 0 0 1 0 0 1 10 1 0 0 11 8 3 12 10 16 21 13 9 0 0 1 0 0 0 0 0 0 0 0 0 0 0 60 60 60 60 60 60 0 0 0 0 0 0 0 0 0 0 0 0 0 0 0 0 
16:2:31 0 0 0 0 0 0 60 0 0 0 0 6 0 0 0 1 0 0 0 7 1 0 0 11 8 8 13 13 14 18 10 9 0 0 3 0 0 0 0 0 0 0 0 0 0 8 60 60 60 60 60 60 0 0 0 0 0 0 0 0 0 0 0 0 0 0 0 0 
16:3:31 0 0 0 0 0 0 60 8 0 0 0 9 0 0 1 2 0 0 0 0 0 1 1 12 3 2 12 13 12 18 13 12 0 0 3 3 0 0 0 0 0 0 0 0 0 16 60 60 60 60 60 60 0 0 0 0 0 0 0 0 0 0 0 0 0 0 0 0 
16:4:31 0 0 0 0 0 0 60 6 0 0 0 7 0 0 6 0 0 0 1 2 1 2 0 12 2 4 11 11 13 18 15 13 1 0 4 3 0 0 0 0 0 0 0 0 0 16 60 60 60 60 60 60 0 0 0 0 0 0 0 0 0 0 0 0 0 0 0 0 
16:5:31 0 0 0 0 0 0 60 2 0 0 0 8 0 0 6 0 0 0 0 1 3 0 0 12 4 1 11 14 11 16 14 13 0 0 9 3 0 0 0 0 0 0 0 0 27 15 60 60 60 60 60 60 0 0 0 0 0 0 0 0 0 0 0 0 0 0 0 0 
16:6:31 0 0 0 0 0 0 60 0 0 0 0 9 0 0 0 1 0 0 0 0 0 1 0 4 8 4 14 12 3 13 11 16 0 0 9 1 0 0 0 0 0 0 0 0 17 13 60 60 60 60 60 60 0 0 0 0 0 0 0 0 0 0 0 0 0 0 0 0 
16:7:31 0 0 0 0 0 0 60 8 0 0 2 9 0 0 0 1 0 1 2 0 1 1 2 5 10 5 11 11 7 15 13 13 0 0 8 2 0 0 0 0 0 0 0 0 0 2 60 60 60 60 60 60 0 0 0 0 0 0 0 0 0 0 0 0 0 0 0 0 
16:8:31 0 0 0 0 0 0 60 0 0 0 0 4 0 0 0 2 0 0 0 0 0 0 0 9 7 3 11 12 18 13 10 6 0 0 4 1 1 0 0 0 0 0 0 0 11 8 60 60 60 60 60 60 0 0 0 0 0 0 0 0 0 0 0 0 0 0 0 0 
16:9:31 0 0 0 0 0 0 60 0 0 0 0 5 0 0 0 1 0 0 0 0 0 0 2 9 1 2 10 12 10 0 10 0 0 0 1 0 0 0 0 0 0 0 0 0 3 7 60 60 60 60 60 60 0 0 0 0 0 0 0 0 0 0 0 0 0 0 0 0 
16:10:31 0 0 0 0 0 0 60 0 0 0 0 7 0 0 1 5 0 0 0 0 0 0 0 9 2 2 13 8 11 0 11 0 0 0 1 0 0 0 0 0 0 0 0 0 0 0 60 60 60 60 60 60 0 0 0 0 0 0 0 0 0 0 0 0 0 0 0 0 
16:11:31 0 0 0 0 0 0 60 8 0 0 0 8 0 0 0 2 0 0 0 0 1 0 0 12 3 1 14 5 11 14 13 1 0 0 4 2 0 0 0 0 0 0 0 0 0 1 60 60 60 60 60 60 0 0 0 0 0 0 0 0 0 0 0 0 0 0 0 0 
16:12:31 0 0 0 0 0 0 60 8 0 0 0 7 0 0 0 1 0 0 0 0 1 0 0 8 3 0 11 5 6 11 5 0 0 0 2 2 0 0 0 0 0 0 0 0 0 0 60 60 60 60 60 60 0 0 0 0 0 0 0 0 0 0 0 0 0 0 0 0 
16:13:31 0 0 0 0 0 0 60 8 0 0 0 9 0 0 0 1 0 0 0 0 0 0 3 11 3 2 13 0 5 1 8 0 0 0 9 2 0 0 0 0 0 0 0 0 0 0 60 60 60 60 60 60 0 0 0 0 0 0 0 0 0 0 0 0 0 0 0 0 
16:14:31 0 0 0 0 0 0 60 0 0 0 0 11 0 0 1 1 0 0 0 1 4 0 1 12 0 0 12 2 3 0 6 0 0 0 10 4 0 0 0 0 0 0 0 0 0 0 60 60 60 60 60 60 0 0 0 0 0 0 0 0 0 0 0 0 0 0 0 0 
16:15:31 0 0 0 0 0 0 60 0 0 0 0 9 0 0 0 0 0 0 0 0 0 2 1 10 0 1 11 0 12 0 1 0 0 4 9 4 0 0 0 0 0 0 0 0 0 0 60 60 60 60 60 60 0 0 0 0 0 0 0 0 0 0 0 0 0 0 0 0 
16:16:31 0 0 0 0 0 0 60 0 0 0 0 5 0 0 0 2 0 0 0 0 1 1 0 11 0 1 11 0 6 0 0 0 0 1 7 1 0 0 0 0 0 0 0 0 0 0 60 60 60 60 60 60 0 0 0 0 0 0 0 0 0 0 0 0 0 0 0 0 
16:17:31 0 0 0 0 0 0 60 23 10 7 7 11 10 1 6 7 5 7 6 6 5 3 3 11 5 3 10 8 7 6 6 1 0 7 7 8 8 4 4 5 8 7 8 9 21 0 60 60 60 60 60 60 0 0 0 0 0 0 0 0 0 0 0 0 0 0 0 0 
16:18:31 0 0 0 0 0 0 60 39 12 13 14 12 18 3 12 10 9 12 11 10 12 10 13 10 11 11 11 11 14 16 8 3 0 17 11 9 13 8 14 10 15 15 12 14 46 6 60 60 60 60 60 60 0 0 0 0 0 0 0 0 0 0 0 0 0 0 0 0 
16:19:31 0 0 0 0 0 0 60 16 7 10 6 10 10 3 11 15 9 9 11 10 8 4 14 13 10 11 14 13 22 15 6 6 0 6 5 5 8 7 5 5 6 7 6 8 20 4 60 60 60 60 60 60 0 0 0 0 0 0 0 0 0 0 0 0 0 0 0 0 
16:20:31 0 0 0 0 0 0 60 0 1 7 0 10 0 0 8 8 0 11 12 0 8 0 10 13 12 7 11 10 13 8 3 0 0 0 2 0 0 0 0 0 0 0 0 0 0 0 60 60 60 60 60 60 0 0 0 0 0 0 0 0 0 0 0 0 0 0 0 0 
16:21:31 0 0 0 0 0 0 60 1 1 2 0 6 0 0 0 2 0 12 9 0 2 0 10 1 13 11 12 11 16 11 2 0 0 0 4 2 0 0 0 0 0 0 0 0 0 0 60 60 60 60 60 60 0 0 0 0 0 0 0 0 0 0 0 0 0 0 0 0 
16:22:31 0 0 0 0 0 0 60 15 2 9 3 8 2 0 1 5 1 11 13 1 2 1 12 0 13 11 12 11 10 14 2 0 0 0 8 3 0 0 0 0 0 0 0 0 0 0 60 60 60 60 60 60 0 0 0 0 0 0 0 0 0 0 0 0 0 0 0 0 
16:23:31 0 0 0 0 0 0 60 0 0 7 0 6 0 0 0 3 0 0 11 1 5 0 12 1 12 12 12 8 1 14 0 0 0 0 7 3 0 0 0 0 0 0 0 0 0 0 60 60 60 60 60 60 0 0 0 0 0 0 0 0 0 0 0 0 0 0 0 0 
16:24:31 0 0 0 0 0 0 60 2 1 10 0 7 0 0 5 1 0 1 11 0 3 0 10 1 11 11 10 1 0 17 0 0 0 3 6 3 0 0 0 0 0 0 0 0 13 0 60 60 60 60 60 60 0 0 0 0 0 0 0 0 0 0 0 0 0 0 0 0 
16:25:31 0 0 0 0 0 0 60 5 0 1 0 9 0 0 3 0 0 1 8 0 3 0 5 2 10 12 10 0 0 13 1 0 1 0 7 1 0 0 0 0 0 0 0 0 1 0 60 60 60 60 60 60 0 0 0 0 0 0 0 0 0 0 0 0 0 0 0 0 
16:26:31 0 0 0 0 0 0 60 0 0 0 0 8 0 0 0 0 0 0 1 0 2 0 4 1 11 10 11 0 3 18 2 0 0 0 1 0 0 0 0 0 0 0 0 0 0 0 60 60 60 60 60 60 0 0 0 0 0 0 0 0 0 0 0 0 0 0 0 0 
16:27:31 0 0 0 0 0 0 60 0 0 0 0 7 0 0 2 0 0 0 1 0 2 0 7 0 11 10 15 0 7 11 0 0 0 0 3 0 0 0 0 0 0 0 0 0 0 0 60 60 60 60 60 60 0 0 0 0 0 0 0 0 0 0 0 0 0 0 0 0 
16:28:31 0 0 0 0 0 0 60 0 0 1 0 8 0 0 0 1 0 1 0 0 3 0 6 0 11 10 11 0 0 8 2 0 0 0 0 1 0 0 0 0 0 0 0 0 0 0 60 60 60 60 60 60 0 0 0 0 0 0 0 0 0 0 0 0 0 0 0 0 
16:29:31 0 0 0 0 0 0 60 0 0 0 0 7 0 0 0 1 0 0 0 0 6 0 11 2 10 12 10 0 0 18 1 0 0 0 3 2 0 0 0 0 0 0 0 0 11 0 60 60 60 60 60 60 0 0 0 0 0 0 0 0 0 0 0 0 0 0 0 0 
16:30:31 0 0 0 0 0 0 60 16 0 0 0 8 0 0 0 0 6 0 0 0 3 0 13 0 11 10 8 0 0 13 0 0 0 0 6 3 0 0 0 0 0 0 0 0 3 0 60 60 60 60 60 60 0 0 0 0 0 0 0 0 0 0 0 0 0 0 0 0 
16:31:31 0 0 0 0 0 0 60 0 0 0 0 8 0 0 0 0 0 0 0 0 4 0 8 0 8 10 4 0 1 17 0 0 0 0 8 1 0 0 0 0 0 0 0 0 0 0 60 60 60 60 60 60 0 0 0 0 0 0 0 0 0 0 0 0 0 0 0 0 
16:32:31 0 0 0 0 0 0 60 0 0 0 0 8 0 0 0 1 0 0 1 0 5 0 9 2 11 4 3 0 1 15 1 0 0 1 10 5 0 0 0 0 0 0 0 0 0 0 60 60 60 60 60 60 0 0 0 0 0 0 0 0 0 0 0 0 0 0 0 0 
16:33:31 0 0 0 0 0 0 60 0 0 0 0 7 0 0 0 0 0 0 2 0 2 0 8 0 5 0 8 0 0 17 1 0 0 1 8 2 0 0 0 0 0 0 0 0 0 0 60 60 60 60 60 60 0 0 0 0 0 0 0 0 0 0 0 0 0 0 0 0 
16:34:31 0 0 0 0 0 0 60 0 0 0 0 7 0 0 0 1 0 0 4 0 5 0 7 0 2 0 12 0 0 8 0 0 0 0 5 2 0 0 0 0 0 0 0 0 0 0 60 60 60 60 60 60 0 0 0 0 0 0 0 0 0 0 0 0 0 0 0 0 
16:35:31 0 0 0 0 0 0 60 0 0 0 0 9 0 0 0 0 0 0 5 0 3 0 9 0 1 1 12 0 0 0 0 0 0 0 2 0 0 0 0 0 0 0 0 0 0 0 60 60 60 60 60 60 0 0 0 0 0 0 0 0 0 0 0 0 0 0 0 0 
16:36:31 0 0 0 0 0 0 60 0 0 0 0 8 0 0 0 1 1 0 0 0 0 1 7 2 0 0 11 0 0 0 1 0 1 0 0 0 0 0 0 0 0 0 0 0 0 0 60 60 60 60 60 60 0 0 0 0 0 0 0 0 0 0 0 0 0 0 0 0 
16:37:31 0 0 0 0 0 0 60 0 0 0 0 8 0 0 0 2 0 0 6 0 1 0 5 1 0 0 11 0 0 0 0 0 0 0 3 0 0 0 0 0 0 0 0 0 1 0 60 60 60 60 60 60 0 0 0 0 0 0 0 0 0 0 0 0 0 0 0 0 
16:38:31 0 0 0 0 0 0 60 0 0 1 1 5 0 0 0 1 0 0 12 0 4 1 0 2 1 0 13 0 0 0 0 0 0 0 0 2 0 0 0 0 0 0 0 0 14 0 60 60 60 60 60 60 0 0 0 0 0 0 0 0 0 0 0 0 0 0 0 0 
16:39:31 0 0 0 0 0 0 60 0 0 1 0 6 0 0 0 0 0 0 10 1 1 1 3 0 1 0 13 0 0 0 0 0 0 0 2 2 0 0 0 0 0 0 0 0 15 0 60 60 60 60 60 60 0 0 0 0 0 0 0 0 0 0 0 0 0 0 0 0 
16:40:31 0 0 0 0 0 0 60 0 0 0 1 3 0 0 0 1 0 0 2 4 0 0 1 0 2 0 12 0 0 0 2 0 0 1 7 4 0 0 0 0 0 0 0 0 15 0 60 60 60 60 60 60 0 0 0 0 0 0 0 0 0 0 0 0 0 0 0 0 
16:41:31 0 0 0 0 0 0 60 0 0 1 0 8 0 0 1 0 0 0 0 0 2 0 1 1 0 0 11 0 2 0 0 0 0 0 6 4 0 0 0 0 0 0 0 0 0 0 60 60 60 60 60 60 0 0 0 0 0 0 0 0 0 0 0 0 0 0 0 0 
16:42:31 0 0 0 0 0 0 60 0 0 0 0 6 0 0 0 3 0 0 1 0 0 0 0 1 0 1 10 0 0 0 2 0 0 0 7 1 0 0 0 0 0 0 0 0 0 0 60 60 60 60 60 60 0 0 0 0 0 0 0 0 0 0 0 0 0 0 0 0 
16:43:31 0 0 0 0 0 0 60 0 0 0 0 9 0 0 0 0 0 0 0 0 3 0 0 0 1 0 10 0 0 0 0 0 0 0 1 0 0 0 0 0 0 0 0 0 0 0 60 60 60 60 60 60 0 0 0 0 0 0 0 0 0 0 0 0 0 0 0 0 
16:44:31 0 0 0 0 0 0 60 8 0 0 0 7 0 0 0 0 0 0 0 0 3 0 4 0 0 0 10 0 0 0 0 0 1 0 3 0 0 0 0 0 0 0 0 0 0 0 60 60 60 60 60 60 0 0 0 0 0 0 0 0 0 0 0 0 0 0 0 0 
16:45:31 0 0 0 0 0 0 60 0 0 0 0 9 0 0 0 2 0 0 0 0 2 0 0 1 1 0 4 0 0 0 0 0 0 0 1 1 0 0 0 0 0 0 0 0 15 0 60 60 60 60 60 60 0 0 0 0 0 0 0 0 0 0 0 0 0 0 0 0 
16:46:31 0 0 0 0 0 0 60 0 0 0 0 6 0 0 5 2 0 2 0 1 1 0 4 2 2 0 2 0 0 0 0 0 1 0 4 1 0 0 0 0 0 0 0 0 0 0 60 60 60 60 60 60 0 0 0 0 0 0 0 0 0 0 0 0 0 0 0 0 
16:47:31 0 0 0 0 0 0 60 0 0 0 0 7 0 0 9 2 0 0 0 0 2 0 2 0 0 1 1 0 0 2 0 0 0 0 4 5 0 0 0 0 0 0 0 0 0 0 60 60 60 60 60 60 0 0 0 0 0 0 0 0 0 0 0 0 0 0 0 0 
16:48:31 0 0 0 0 0 0 60 7 0 0 0 7 0 0 10 0 0 0 0 0 1 1 0 0 1 8 3 0 0 8 1 0 0 0 3 4 0 0 0 0 0 0 0 0 0 0 60 60 60 60 60 60 0 0 0 0 0 0 0 0 0 0 0 0 0 0 0 0 
16:49:31 0 0 0 0 0 0 60 8 0 0 0 7 0 0 12 1 3 0 0 1 1 0 2 0 0 11 1 0 0 4 1 0 0 3 4 4 0 0 0 0 0 0 0 0 19 0 60 60 60 60 60 60 0 0 0 0 0 0 0 0 0 0 0 0 0 0 0 0 
16:50:31 0 0 0 0 0 0 60 0 0 0 0 5 0 0 8 1 5 0 0 0 2 0 2 0 0 12 0 0 4 1 0 0 0 0 5 4 0 0 0 0 0 0 0 0 10 0 60 60 60 60 60 60 0 0 0 0 0 0 0 0 0 0 0 0 0 0 0 0 
16:51:31 0 0 0 0 0 0 60 0 0 0 0 8 0 0 7 0 0 0 0 2 2 0 1 0 0 10 0 0 0 0 0 0 0 0 4 1 0 0 0 0 0 0 0 0 0 0 60 60 60 60 60 60 0 0 0 0 0 0 0 0 0 0 0 0 0 0 0 0 
16:52:31 0 0 0 0 0 0 60 0 0 0 2 6 0 0 8 1 0 0 0 5 2 0 0 2 0 11 1 0 0 0 0 0 0 0 1 0 0 0 0 0 0 0 0 0 0 0 60 60 60 60 60 60 0 0 0 0 0 0 0 0 0 0 0 0 0 0 0 0 
16:53:31 0 0 0 0 0 0 60 0 0 2 0 9 0 0 7 0 0 0 0 5 0 1 1 0 1 5 0 0 0 0 0 0 0 0 0 0 0 0 0 0 0 0 0 0 15 0 60 60 60 60 60 60 0 0 0 0 0 0 0 0 0 0 0 0 0 0 0 0 
16:54:31 0 0 0 0 0 0 60 0 0 0 0 6 0 0 8 0 0 0 0 0 1 0 0 0 0 0 0 0 0 1 0 0 0 0 4 0 0 0 0 0 0 0 0 0 0 0 60 60 60 60 60 60 0 0 0 0 0 0 0 0 0 0 0 0 0 0 0 0 
16:55:31 0 0 0 0 0 0 60 0 0 0 0 6 0 0 11 0 0 0 0 0 0 1 3 0 0 1 0 0 0 0 0 0 0 0 2 0 0 0 0 0 0 0 0 0 0 0 60 60 60 60 60 60 0 0 0 0 0 0 0 0 0 0 0 0 0 0 0 0 
16:56:31 0 0 0 0 0 0 60 0 0 0 0 8 0 0 9 0 0 0 0 0 1 1 2 0 0 2 0 0 1 0 1 0 1 0 3 2 0 0 0 0 0 0 0 0 0 0 60 60 60 60 60 60 0 0 0 0 0 0 0 0 0 0 0 0 0 0 0 0 
16:57:31 0 0 0 0 0 0 60 0 0 0 0 9 0 0 11 2 0 0 0 0 0 0 0 1 0 4 0 0 0 0 0 0 0 0 10 3 0 0 0 0 0 0 0 0 0 0 60 60 60 60 60 60 0 0 0 0 0 0 0 0 0 0 0 0 0 0 0 0 
16:58:31 0 0 0 0 0 0 60 0 0 0 0 7 0 0 10 0 0 0 0 0 1 0 2 0 3 2 0 0 1 0 2 0 0 1 3 2 0 0 0 1 0 0 0 0 0 0 60 60 60 60 60 60 0 0 0 0 0 0 0 0 0 0 0 0 0 0 0 0 
16:59:31 0 0 0 0 0 0 60 0 0 0 0 9 0 0 4 0 1 0 0 0 0 0 0 0 0 1 0 0 0 0 0 0 0 0 3 2 0 0 0 0 0 0 0 0 0 0 60 60 60 60 60 60 0 0 0 0 0 0 0 0 0 0 0 0 0 0 0 0 
17:0:31 0 0 0 0 0 0 60 0 0 0 0 7 0 0 1 2 0 0 0 0 2 0 0 0 0 0 0 0 0 0 0 0 0 0 1 1 0 0 0 0 0 0 0 0 0 0 60 60 60 60 60 60 0 0 0 0 0 0 0 0 0 0 0 0 0 0 0 0 
17:1:31 0 0 0 0 0 0 60 0 0 0 0 6 0 0 3 0 0 0 0 0 0 0 1 0 0 0 0 0 0 0 0 0 0 0 2 0 0 0 0 0 0 0 0 0 0 0 60 60 60 60 60 60 0 0 0 0 0 0 0 0 0 0 0 0 0 0 0 0 
17:2:31 0 0 0 0 0 0 60 8 0 0 0 6 0 0 0 0 1 0 0 1 0 0 0 0 0 0 0 0 0 0 0 0 0 0 0 0 0 0 0 0 0 0 0 0 0 0 60 60 60 60 60 60 0 0 0 0 0 0 0 0 0 0 0 0 0 0 0 0 
17:3:31 0 0 0 0 0 0 60 0 0 0 0 5 0 0 0 3 6 1 0 0 1 0 2 0 0 0 0 0 0 0 0 0 0 0 2 1 0 0 0 0 0 0 0 0 15 0 60 60 60 60 60 60 0 0 0 0 0 0 0 0 0 0 0 0 0 0 0 0 
17:4:31 0 0 0 0 0 0 60 0 0 0 0 4 0 0 0 2 9 0 1 0 0 0 1 0 0 0 0 0 0 0 0 0 0 0 2 2 0 0 0 0 0 0 0 0 0 0 60 60 60 60 60 60 0 0 0 0 0 0 0 0 0 0 0 0 0 0 0 0 
17:5:31 0 0 0 0 0 0 60 0 0 1 0 7 0 0 0 3 8 0 1 0 2 0 1 2 2 0 0 0 0 0 2 0 0 0 2 2 0 0 0 0 0 0 0 0 0 0 60 60 60 60 60 60 0 0 0 0 0 0 0 0 0 0 0 0 0 0 0 0 
17:6:31 0 0 0 0 0 0 60 0 0 0 0 8 0 0 1 1 6 0 1 2 2 0 0 1 1 0 0 0 0 0 0 0 0 0 3 4 0 0 0 0 0 0 0 0 0 0 60 60 60 60 60 60 0 0 0 0 0 0 0 0 0 0 0 0 0 0 0 0 
17:7:31 0 0 0 0 0 0 60 0 1 0 0 8 0 0 0 1 5 0 0 0 0 0 1 0 1 0 0 0 0 0 0 0 0 1 2 2 0 0 0 0 0 0 0 0 0 0 60 60 60 60 60 60 0 0 0 0 0 0 0 0 0 0 0 0 0 0 0 0 
17:8:31 0 0 0 0 0 0 60 0 0 0 0 8 0 0 0 0 6 1 0 0 0 0 0 1 0 0 0 0 1 0 2 0 0 0 3 1 0 0 0 0 0 0 0 0 0 0 60 60 60 60 60 60 0 0 0 0 0 0 0 0 0 0 0 0 0 0 0 0 
17:9:31 0 0 0 0 0 0 60 0 0 0 0 5 0 0 0 0 0 0 0 0 2 0 0 0 0 0 0 0 5 0 0 0 0 0 2 0 0 0 0 0 0 0 0 0 0 0 60 60 60 60 60 60 0 0 0 0 0 0 0 0 0 0 0 0 0 0 0 0 
17:10:31 0 0 0 0 0 0 60 0 0 0 0 4 0 0 0 1 1 0 0 0 1 0 0 0 0 0 0 0 12 0 0 0 0 0 2 0 0 0 0 0 0 0 0 0 0 0 60 60 60 60 60 60 0 0 0 0 0 0 0 0 0 0 0 0 0 0 0 0 
17:11:31 0 0 0 0 0 0 60 0 0 0 0 8 0 0 0 0 2 0 0 0 0 0 1 0 1 0 0 0 9 0 0 0 0 0 2 0 0 0 0 0 0 0 0 0 0 0 60 60 60 60 60 60 0 0 0 0 0 0 0 0 0 0 0 0 0 0 0 0 
17:12:31 0 0 0 0 0 0 60 0 0 0 0 10 0 0 0 2 1 0 0 0 0 0 1 0 0 0 0 0 9 0 0 0 0 0 0 0 0 0 0 0 0 0 0 0 0 0 60 60 60 60 60 60 0 0 0 0 0 0 0 0 0 0 0 0 0 0 0 0 
17:13:31 0 0 0 0 0 0 60 8 0 1 0 8 0 0 0 0 0 0 0 5 2 1 4 0 0 0 0 0 4 0 0 0 1 0 1 1 0 0 0 0 0 0 0 0 0 0 60 60 60 60 60 60 0 0 0 0 0 0 0 0 0 0 0 0 0 0 0 0 
17:14:31 0 0 0 0 0 0 60 0 0 0 0 9 0 0 1 0 0 0 0 6 2 0 4 0 1 1 0 0 4 0 1 0 1 0 5 1 0 0 0 0 0 0 0 0 0 0 60 60 60 60 60 60 0 0 0 0 0 0 0 0 0 0 0 0 0 0 0 0 
17:15:31 0 0 0 0 0 0 60 0 0 0 0 7 0 0 0 2 3 0 0 6 3 0 1 0 2 1 0 0 2 0 1 0 0 0 5 2 0 0 0 0 0 0 0 0 0 0 60 60 60 60 60 60 0 0 0 0 0 0 0 0 0 0 0 0 0 0 0 0 
17:16:31 0 0 0 0 0 0 60 0 0 0 0 9 0 0 0 1 0 0 1 10 2 0 0 0 0 0 0 0 4 0 0 0 0 2 6 2 0 0 0 0 0 0 0 0 15 0 60 60 60 60 60 60 0 0 0 0 0 0 0 0 0 0 0 0 0 0 0 0 
17:17:31 0 0 0 0 0 0 60 0 0 0 0 9 0 0 1 0 0 0 0 9 2 0 2 0 1 0 0 0 0 0 0 0 0 0 5 0 0 0 0 0 0 0 0 0 14 0 60 60 60 60 60 60 0 0 0 0 0 0 0 0 0 0 0 0 0 0 0 0 
17:18:31 0 0 0 0 0 0 60 8 0 0 0 7 0 0 0 7 0 0 0 8 1 1 1 0 0 1 0 0 0 0 0 0 0 0 1 1 0 0 0 0 0 0 0 0 0 0 60 60 60 60 60 60 0 0 0 0 0 0 0 0 0 0 0 0 0 0 0 0 
17:19:31 0 0 0 0 0 0 60 0 0 1 0 8 0 0 0 11 0 0 0 8 1 4 1 0 0 2 0 0 0 0 0 0 0 0 1 0 0 0 0 0 0 0 0 0 0 0 60 60 60 60 60 60 0 0 0 0 0 0 0 0 0 0 0 0 0 0 0 0 
17:20:31 0 0 0 0 0 0 60 0 0 0 0 8 0 0 6 12 0 0 0 4 0 0 1 0 0 0 0 0 1 0 0 0 0 0 3 1 0 0 0 0 0 0 0 0 0 0 60 60 60 60 60 60 0 0 0 0 0 0 0 0 0 0 0 0 0 0 0 0 
17:21:31 0 0 0 0 0 0 60 0 0 0 0 7 0 0 10 14 0 0 0 12 1 0 2 1 2 1 0 0 7 0 3 0 1 0 2 0 0 0 0 0 0 0 0 0 0 0 60 60 60 60 60 60 0 0 0 0 0 0 0 0 0 0 0 0 0 0 0 0 
17:22:31 0 0 0 0 0 0 60 0 0 0 0 6 0 0 10 12 1 0 0 6 1 1 3 2 0 0 0 0 0 0 1 0 0 0 4 0 0 0 0 0 0 0 0 0 0 0 60 60 60 60 60 60 0 0 0 0 0 0 0 0 0 0 0 0 0 0 0 0 
17:23:31 0 0 0 0 0 0 60 0 0 0 0 8 0 0 0 11 0 0 0 9 2 8 1 1 1 0 0 0 1 0 2 0 0 0 3 0 0 0 0 0 0 0 0 0 0 0 60 60 60 60 60 60 0 0 0 0 0 0 0 0 0 0 0 0 0 0 0 0 
17:24:31 0 0 0 0 0 0 60 0 0 0 0 6 0 0 0 12 0 0 0 5 2 2 2 1 2 0 1 0 1 0 0 0 0 0 6 2 0 0 0 0 0 0 0 0 0 0 60 60 60 60 60 60 0 0 0 0 0 0 0 0 0 0 0 0 0 0 0 0 
17:25:31 0 0 0 0 0 0 60 0 0 0 0 7 0 0 0 11 0 0 0 6 0 2 0 0 0 1 0 0 0 0 0 0 2 1 5 0 0 0 0 0 0 0 0 0 0 0 60 60 60 60 60 60 0 0 0 0 0 0 0 0 0 0 0 0 0 0 0 0 
17:26:31 0 0 0 0 0 0 60 8 0 1 0 9 0 0 0 13 0 0 0 8 1 2 0 0 0 1 0 0 4 0 0 0 0 0 1 0 0 0 0 0 0 0 0 0 15 0 60 60 60 60 60 60 0 0 0 0 0 0 0 0 0 0 0 0 0 0 0 0 
17:27:31 0 0 0 0 0 0 60 0 0 0 1 8 0 0 0 7 0 0 0 13 2 2 2 0 0 0 2 0 0 0 2 0 0 0 1 0 0 0 0 0 0 0 0 0 0 0 60 60 60 60 60 60 0 0 0 0 0 0 0 0 0 0 0 0 0 0 0 0 
17:28:31 0 0 0 0 0 0 60 0 0 0 1 7 0 0 0 8 0 0 0 8 2 0 1 0 0 0 0 0 0 0 0 0 0 0 0 0 0 0 0 0 0 0 0 0 0 0 60 60 60 60 60 60 0 0 0 0 0 0 0 0 0 0 0 0 0 0 0 0 
17:29:31 0 0 0 0 0 0 60 0 0 0 0 8 0 0 1 0 0 1 1 5 2 2 1 1 1 0 0 0 0 0 1 0 0 0 1 0 0 0 0 0 0 0 0 0 0 0 60 60 60 60 60 60 0 0 0 0 0 0 0 0 0 0 0 0 0 0 0 0 
17:30:31 0 0 0 0 0 0 60 0 0 0 2 11 0 0 0 6 0 0 0 12 1 0 0 2 0 0 0 0 0 0 2 0 0 0 1 0 0 0 0 0 0 0 0 0 0 0 60 60 60 60 60 60 0 0 0 0 0 0 0 0 0 0 0 0 0 0 0 0 
17:31:31 0 0 0 0 0 0 60 0 0 0 3 7 0 0 0 1 0 0 0 9 1 0 1 0 1 1 0 0 0 0 2 0 0 1 3 1 0 0 0 0 0 0 0 0 0 0 60 60 60 60 60 60 0 0 0 0 0 0 0 0 0 0 0 0 0 0 0 0 
17:32:31 0 0 0 0 0 0 60 0 0 0 2 7 0 0 0 1 0 0 0 13 2 1 3 0 1 0 0 0 0 0 1 0 0 0 8 1 0 0 0 0 0 0 0 0 0 0 60 60 60 60 60 60 0 0 0 0 0 0 0 0 0 0 0 0 0 0 0 0 
17:33:31 0 0 0 0 0 0 60 0 0 0 0 6 0 0 0 4 0 0 0 8 2 0 1 0 1 0 0 0 0 0 0 0 0 2 7 0 0 0 0 0 0 0 0 0 0 0 60 60 60 60 60 60 0 0 0 0 0 0 0 0 0 0 0 0 0 0 0 0 
17:34:31 0 0 0 0 0 0 60 0 0 0 0 6 0 0 0 1 0 0 0 6 0 0 0 2 1 0 0 0 0 0 2 0 0 2 4 0 0 0 0 0 0 0 0 0 0 0 60 60 60 60 60 60 0 0 0 0 0 0 0 0 0 0 0 0 0 0 0 0 
17:35:31 0 0 0 0 0 0 60 0 0 0 0 8 0 0 0 1 0 0 0 12 3 0 2 0 0 4 0 0 0 0 2 0 0 0 1 1 0 0 0 0 0 0 0 0 0 0 60 60 60 60 60 60 0 0 0 0 0 0 0 0 0 0 0 0 0 0 0 0 
17:36:31 0 0 0 0 0 0 60 0 0 0 4 9 0 0 0 1 1 0 3 13 0 2 2 0 0 0 0 0 0 0 0 0 0 0 1 1 0 0 0 0 0 0 0 0 0 0 60 60 60 60 60 60 0 0 0 0 0 0 0 0 0 0 0 0 0 0 0 0 
17:37:31 0 0 0 0 0 0 60 16 0 0 2 9 0 0 1 2 1 0 0 11 1 0 0 1 0 0 0 0 0 0 0 0 1 0 0 0 0 0 0 0 0 0 0 0 12 0 60 60 60 60 60 60 0 0 0 0 0 0 0 0 0 0 0 0 0 0 0 0 
17:38:31 0 0 0 0 0 0 60 0 0 0 4 9 0 0 0 0 8 0 0 11 0 0 0 3 1 0 0 0 0 0 0 0 0 0 0 0 0 0 0 1 0 0 0 0 3 0 60 60 60 60 60 60 0 0 0 0 0 0 0 0 0 0 0 0 0 0 0 0 
17:39:31 0 0 0 0 0 0 60 0 0 0 3 8 0 0 0 0 7 1 2 9 3 1 2 0 2 0 1 0 2 0 1 0 0 0 4 1 0 0 0 1 0 0 0 0 0 0 60 60 60 60 60 60 0 0 0 0 0 0 0 0 0 0 0 0 0 0 0 0 
17:40:31 0 0 0 0 0 0 60 8 0 1 5 8 0 0 0 0 8 0 1 12 2 0 0 0 0 0 0 0 0 0 1 0 0 0 2 0 0 0 0 0 0 0 0 0 0 0 60 60 60 60 60 60 0 0 0 0 0 0 0 0 0 0 0 0 0 0 0 0 
17:41:31 0 0 0 0 0 0 60 0 0 1 0 7 0 0 0 0 5 0 5 10 2 0 2 0 2 0 0 0 0 0 1 0 0 0 4 0 0 0 0 0 0 0 0 0 0 0 60 60 60 60 60 60 0 0 0 0 0 0 0 0 0 0 0 0 0 0 0 0 
17:42:31 0 0 0 0 0 0 60 16 0 0 0 11 0 0 0 1 9 1 4 13 1 0 1 0 0 0 0 0 0 0 0 0 0 0 9 1 0 0 0 0 0 0 0 0 0 0 60 60 60 60 60 60 0 0 0 0 0 0 0 0 0 0 0 0 0 0 0 0 
17:43:31 0 0 0 0 0 0 60 0 0 0 0 6 0 0 0 1 8 0 8 9 2 0 0 0 2 0 0 0 0 0 1 0 0 1 5 0 0 0 0 0 0 0 0 0 0 0 60 60 60 60 60 60 0 0 0 0 0 0 0 0 0 0 0 0 0 0 0 0 
17:44:31 0 0 0 0 0 0 60 0 0 0 0 9 0 0 0 0 9 3 5 11 3 0 3 0 0 0 0 0 0 0 0 0 0 0 1 0 0 0 0 0 0 0 0 0 0 0 60 60 60 60 60 60 0 0 0 0 0 0 0 0 0 0 0 0 0 0 0 0 
17:45:31 0 0 0 0 0 0 60 8 0 0 0 9 0 0 0 4 10 0 5 8 2 0 0 1 2 0 0 0 0 0 0 0 0 0 0 1 0 0 0 0 0 0 0 0 0 0 60 60 60 60 60 60 0 0 0 0 0 0 0 0 0 0 0 0 0 0 0 0 
17:46:31 0 0 0 0 0 0 60 8 0 0 0 5 0 0 0 0 3 2 6 12 1 0 3 0 0 0 1 0 0 0 1 0 0 0 0 0 0 0 0 0 0 0 0 0 0 0 60 60 60 60 60 60 0 0 0 0 0 0 0 0 0 0 0 0 0 0 0 0 
17:47:31 0 0 0 0 0 0 60 0 0 0 0 7 0 0 8 0 4 3 7 10 4 0 2 0 1 0 0 0 0 0 0 0 0 0 1 0 0 0 0 0 0 0 0 0 0 0 60 60 60 60 60 60 0 0 0 0 0 0 0 0 0 0 0 0 0 0 0 0 
17:48:31 0 0 0 0 0 0 60 8 0 0 0 8 0 0 10 2 6 3 6 9 2 0 1 3 4 0 0 0 0 0 2 0 1 0 4 0 0 0 0 0 0 0 0 0 0 0 60 60 60 60 60 60 0 0 0 0 0 0 0 0 0 0 0 0 0 0 0 0 
17:49:31 0 0 0 0 0 0 60 0 0 0 0 9 0 0 3 0 6 2 3 3 3 0 2 0 8 0 0 0 0 0 0 0 0 0 4 0 0 0 0 0 0 0 0 0 0 0 60 60 60 60 60 60 0 0 0 0 0 0 0 0 0 0 0 0 0 0 0 0 
17:50:31 0 0 0 0 0 0 60 0 0 1 0 8 0 0 3 0 5 3 3 9 2 0 5 3 7 0 0 0 0 0 2 0 0 0 2 0 0 0 0 0 0 0 0 0 0 0 60 60 60 60 60 60 0 0 0 0 0 0 0 0 0 0 0 0 0 0 0 0 
17:51:31 0 0 0 0 0 0 60 16 0 5 0 9 0 0 3 0 10 2 9 7 0 0 2 4 6 0 0 0 4 0 1 0 0 0 5 0 0 0 0 0 0 0 0 0 0 0 60 60 60 60 60 60 0 0 0 0 0 0 0 0 0 0 0 0 0 0 0 0 
17:52:31 0 0 0 0 0 0 60 0 0 3 0 6 0 0 1 5 6 3 11 3 0 0 1 3 3 0 0 0 13 0 0 0 0 0 7 1 0 0 0 0 0 0 0 0 15 0 60 60 60 60 60 60 0 0 0 0 0 0 0 0 0 0 0 0 0 0 0 0 
17:53:31 0 0 0 0 0 0 60 0 0 5 0 7 0 0 0 0 2 0 9 4 1 0 3 2 1 0 0 0 13 0 0 0 0 2 5 0 0 0 0 0 0 0 0 0 0 0 60 60 60 60 60 60 0 0 0 0 0 0 0 0 0 0 0 0 0 0 0 0 
17:54:31 0 0 0 0 0 0 60 0 0 2 0 8 0 0 2 0 0 2 8 5 0 2 3 1 1 0 0 0 12 0 1 0 0 0 0 0 0 0 0 0 0 0 0 0 0 0 60 60 60 60 60 60 0 0 0 0 0 0 0 0 0 0 0 0 0 0 0 0 
17:55:31 0 0 0 0 0 0 60 0 0 0 0 9 0 0 6 0 2 0 0 7 1 0 3 1 10 0 0 0 14 0 0 0 0 0 1 1 0 0 0 0 0 0 0 0 0 0 60 60 60 60 60 60 0 0 0 0 0 0 0 0 0 0 0 0 0 0 0 0 
17:56:31 0 0 0 0 0 0 60 0 0 0 0 7 0 0 7 2 0 0 1 4 2 0 10 1 11 0 0 0 14 0 1 0 0 0 1 1 0 0 0 0 0 0 0 0 0 0 60 60 60 60 60 60 0 0 0 0 0 0 0 0 0 0 0 0 0 0 0 0 
17:57:31 0 0 0 0 0 0 60 0 0 1 0 9 0 0 4 0 0 0 0 3 4 0 4 1 11 0 0 0 14 0 3 0 0 0 3 0 0 0 0 0 0 0 0 0 14 0 60 60 60 60 60 60 0 0 0 0 0 0 0 0 0 0 0 0 0 0 0 0 
17:58:31 0 0 0 0 0 0 60 0 0 0 0 6 0 0 1 2 0 6 0 0 0 0 8 2 12 0 1 0 2 0 1 0 0 0 2 0 0 0 0 0 0 0 0 0 0 0 60 60 60 60 60 60 0 0 0 0 0 0 0 0 0 0 0 0 0 0 0 0 
17:59:31 0 0 0 0 0 0 60 0 0 0 0 8 0 0 0 0 2 6 5 1 1 1 2 5 11 0 0 0 0 0 2 0 0 0 3 0 0 0 0 0 0 0 0 0 0 0 60 60 60 60 60 60 0 0 0 0 0 0 0 0 0 0 0 0 0 0 0 0 
18:0:31 0 0 0 0 0 0 60 0 0 0 0 8 0 0 1 1 0 6 3 0 0 1 0 7 12 0 0 0 0 0 2 0 0 0 7 0 0 0 0 1 0 0 0 0 0 0 60 60 60 60 60 60 0 0 0 0 0 0 0 0 0 0 0 0 0 0 0 0 
18:1:31 0 0 0 0 0 0 60 0 0 0 0 8 0 0 0 2 0 4 0 0 2 3 3 3 9 0 0 0 0 0 0 0 0 0 8 2 0 0 0 2 0 0 0 0 15 0 60 60 60 60 60 60 0 0 0 0 0 0 0 0 0 0 0 0 0 0 0 0 
18:2:31 0 0 0 0 0 0 60 0 0 0 0 8 0 0 0 2 0 6 0 1 2 1 5 3 8 0 0 0 1 1 0 0 0 0 5 0 0 0 0 0 0 0 0 0 0 0 60 60 60 60 60 60 0 0 0 0 0 0 0 0 0 0 0 0 0 0 0 0 
18:3:31 0 0 0 0 0 0 60 0 0 0 0 9 0 0 0 0 0 8 0 0 0 3 2 3 10 0 8 0 0 0 0 0 0 0 1 0 0 0 0 0 0 0 0 0 0 0 60 60 60 60 60 60 0 0 0 0 0 0 0 0 0 0 0 0 0 0 0 0 
18:4:31 0 0 0 0 0 0 60 0 0 0 0 7 0 0 0 3 1 2 0 0 1 1 5 4 10 1 9 0 0 0 0 0 0 0 0 1 0 0 0 0 0 0 0 0 0 0 60 60 60 60 60 60 0 0 0 0 0 0 0 0 0 0 0 0 0 0 0 0 
18:5:31 0 0 0 0 0 0 60 0 0 0 0 5 0 0 0 1 0 2 0 0 1 1 1 2 14 0 10 0 1 0 3 0 0 0 1 2 0 0 0 0 0 0 0 0 8 0 60 60 60 60 60 60 0 0 0 0 0 0 0 0 0 0 0 0 0 0 0 0 
18:6:31 0 0 0 0 0 0 60 0 0 0 0 6 0 0 0 1 0 5 0 0 2 0 2 4 9 0 9 0 0 0 0 0 0 0 1 1 0 0 0 0 0 0 0 0 7 0 60 60 60 60 60 60 0 0 0 0 0 0 0 0 0 0 0 0 0 0 0 0 
18:7:31 0 0 0 0 0 0 60 0 0 0 0 7 0 0 0 0 0 11 0 0 4 1 0 1 0 1 8 0 2 0 1 0 0 0 5 0 0 0 0 0 0 0 0 0 0 0 60 60 60 60 60 60 0 0 0 0 0 0 0 0 0 0 0 0 0 0 0 0 
18:8:31 0 0 0 0 0 0 60 0 0 0 0 7 0 0 0 1 0 7 0 1 2 0 2 5 1 0 5 0 0 0 0 0 0 0 3 0 0 0 0 0 0 0 0 0 0 0 60 60 60 60 60 60 0 0 0 0 0 0 0 0 0 0 0 0 0 0 0 0 
18:9:31 0 0 0 0 0 0 60 0 1 0 0 6 0 0 0 0 0 9 0 0 3 0 2 12 3 0 7 0 0 0 0 0 0 0 3 0 0 0 0 0 0 0 0 0 0 0 60 60 60 60 60 60 0 0 0 0 0 0 0 0 0 0 0 0 0 0 0 0 
18:10:31 0 0 0 0 0 0 60 7 7 1 0 8 0 0 0 2 0 10 0 7 3 0 2 12 1 0 2 0 0 0 1 0 0 0 6 0 0 0 0 0 0 0 0 0 14 0 60 60 60 60 60 60 0 0 0 0 0 0 0 0 0 0 0 0 0 0 0 0 
18:11:31 0 0 0 0 0 0 60 9 5 1 0 9 0 0 0 0 0 12 1 0 4 0 2 11 6 0 6 1 0 0 1 0 0 0 6 0 0 0 0 0 0 0 0 0 0 0 60 60 60 60 60 60 0 0 0 0 0 0 0 0 0 0 0 0 0 0 0 0 
18:12:31 0 0 0 0 0 0 60 16 6 0 0 8 0 0 0 3 0 12 0 0 3 0 0 11 13 1 1 5 0 2 0 0 0 0 3 1 0 0 0 0 0 0 0 0 0 0 60 60 60 60 60 60 0 0 0 0 0 0 0 0 0 0 0 0 0 0 0 0 
18:13:31 0 0 0 0 0 0 60 8 6 0 0 6 0 0 0 1 0 11 0 0 3 0 0 8 9 0 2 0 0 0 0 0 0 0 1 2 0 0 0 0 0 0 0 0 0 0 60 60 60 60 60 60 0 0 0 0 0 0 0 0 0 0 0 0 0 0 0 0 
18:14:31 0 0 0 0 0 0 60 8 1 0 0 5 0 0 0 0 0 13 0 0 5 0 0 11 12 0 0 0 0 0 0 0 0 0 2 0 0 0 0 0 0 0 0 0 0 0 60 60 60 60 60 60 0 0 0 0 0 0 0 0 0 0 0 0 0 0 0 0 
18:15:31 0 0 0 0 0 0 60 8 4 0 0 8 0 0 8 0 0 10 0 0 4 0 0 14 10 1 2 0 0 0 0 0 0 0 1 0 0 0 0 0 0 0 0 0 0 0 60 60 60 60 60 60 0 0 0 0 0 0 0 0 0 0 0 0 0 0 0 0 
18:16:31 0 0 0 0 0 0 60 0 3 0 0 6 0 0 8 0 2 10 0 0 1 0 1 12 13 0 1 0 1 0 1 0 1 0 3 0 0 0 0 0 0 0 0 0 5 0 60 60 60 60 60 60 0 0 0 0 0 0 0 0 0 0 0 0 0 0 0 0 
18:17:31 0 0 0 0 0 0 60 7 1 0 0 7 0 0 8 0 5 10 0 0 6 4 2 12 8 0 0 0 0 2 3 0 0 0 2 0 0 0 0 0 0 0 0 0 10 0 60 60 60 60 60 60 0 0 0 0 0 0 0 0 0 0 0 0 0 0 0 0 
18:18:31 0 0 0 0 0 0 60 8 1 0 0 11 0 0 7 1 2 10 0 0 7 4 0 9 1 0 0 0 0 4 1 0 0 0 3 1 0 0 0 0 0 0 0 0 0 0 60 60 60 60 60 60 0 0 0 0 0 0 0 0 0 0 0 0 0 0 0 0 
18:19:31 0 0 0 0 0 0 60 0 0 0 0 10 0 0 13 1 5 12 0 0 10 3 3 12 4 0 0 0 1 10 0 0 0 1 8 0 0 0 0 0 0 0 0 0 0 0 60 60 60 60 60 60 0 0 0 0 0 0 0 0 0 0 0 0 0 0 0 0 
18:20:31 0 0 0 0 0 0 60 0 0 0 0 9 0 0 6 1 6 11 0 0 10 5 1 10 0 1 0 0 0 1 2 0 0 1 5 0 0 0 0 0 0 0 0 0 15 0 60 60 60 60 60 60 0 0 0 0 0 0 0 0 0 0 0 0 0 0 0 0 
18:21:31 0 0 0 0 0 0 60 8 4 0 0 7 0 0 9 2 5 10 1 0 8 3 2 8 4 0 0 0 0 0 1 0 0 0 3 0 0 0 0 0 0 0 0 0 0 0 60 60 60 60 60 60 0 0 0 0 0 0 0 0 0 0 0 0 0 0 0 0 
18:22:31 0 0 0 0 0 0 60 2 0 0 0 8 0 0 1 0 11 2 0 1 9 2 0 2 8 0 0 0 5 0 0 0 1 0 4 2 0 0 0 0 0 0 0 0 0 0 60 60 60 60 60 60 0 0 0 0 0 0 0 0 0 0 0 0 0 0 0 0 
18:23:31 0 0 0 0 0 0 60 6 0 0 0 11 0 0 0 2 10 1 0 0 10 2 2 2 7 0 0 0 0 0 2 0 0 0 0 1 0 0 0 0 0 0 0 0 0 0 60 60 60 60 60 60 0 0 0 0 0 0 0 0 0 0 0 0 0 0 0 0 
18:24:31 0 0 0 0 0 0 60 0 0 0 0 13 0 0 0 4 8 3 0 0 11 1 2 5 7 0 1 0 0 0 0 0 0 0 1 0 0 0 0 0 0 0 0 0 0 0 60 60 60 60 60 60 0 0 0 0 0 0 0 0 0 0 0 0 0 0 0 0 
18:25:31 0 0 0 0 0 0 60 0 0 0 0 10 0 0 0 0 4 1 0 1 11 1 3 2 10 0 1 0 3 0 2 0 0 0 2 0 0 0 0 0 0 0 0 0 0 0 60 60 60 60 60 60 0 0 0 0 0 0 0 0 0 0 0 0 0 0 0 0 
18:26:31 0 0 0 0 0 0 60 7 0 0 0 8 0 0 0 2 3 5 0 0 9 2 2 7 7 1 0 0 0 0 2 0 0 0 4 0 0 0 0 0 0 0 0 0 21 0 60 60 60 60 60 60 0 0 0 0 0 0 0 0 0 0 0 0 0 0 0 0 
18:27:31 0 0 0 0 0 0 60 0 0 0 0 10 0 0 0 3 5 2 0 0 9 1 2 13 10 0 0 1 0 0 0 0 1 0 6 0 0 0 0 0 0 0 0 0 24 3 60 60 60 60 60 60 0 0 0 0 0 0 0 0 0 0 0 0 0 0 0 0 
18:28:31 0 0 0 0 0 0 60 0 0 0 0 11 0 1 0 4 0 3 0 0 3 9 0 12 8 0 0 0 0 0 1 0 0 0 6 0 0 0 0 0 0 0 0 0 0 0 60 60 60 60 60 60 0 0 0 0 0 0 0 0 0 0 0 0 0 0 0 0 
18:29:31 0 0 0 0 0 0 60 0 0 1 0 9 0 1 0 1 2 2 0 0 3 12 3 12 5 0 1 0 0 0 1 0 0 0 6 1 0 0 0 0 0 0 0 0 0 0 60 60 60 60 60 60 0 0 0 0 0 0 0 0 0 0 0 0 0 0 0 0 
18:30:31 0 0 0 0 0 0 60 0 0 0 0 10 0 0 0 0 5 0 0 0 0 8 4 11 0 0 0 0 0 0 0 0 0 0 6 1 0 0 0 0 0 0 0 0 0 0 60 60 60 60 60 60 0 0 0 0 0 0 0 0 0 0 0 0 0 0 0 0 
18:31:31 0 0 0 0 0 0 60 0 0 2 0 11 0 0 0 2 0 0 0 0 0 7 2 14 1 0 0 0 6 0 2 0 1 0 0 2 0 0 0 0 0 0 0 0 0 0 60 60 60 60 60 60 0 0 0 0 0 0 0 0 0 0 0 0 0 0 0 0 
18:32:31 0 0 0 0 0 0 60 0 0 0 0 8 0 0 0 1 0 0 0 0 3 11 2 12 0 0 0 0 10 0 0 0 0 0 0 0 0 0 0 0 0 0 0 0 0 0 60 60 60 60 60 60 0 0 0 0 0 0 0 0 0 0 0 0 0 0 0 0 
18:33:31 0 0 0 0 0 0 60 0 0 0 0 9 0 0 0 2 0 1 0 0 2 12 3 11 0 0 0 0 12 0 1 0 0 0 4 0 0 0 0 0 0 0 0 0 0 0 60 60 60 60 60 60 0 0 0 0 0 0 0 0 0 0 0 0 0 0 0 0 
18:34:31 0 0 0 0 0 0 60 0 0 0 0 10 0 2 1 5 0 0 0 0 2 12 1 9 0 0 0 0 15 0 0 0 0 0 3 1 0 0 0 0 0 0 0 0 0 0 60 60 60 60 60 60 0 0 0 0 0 0 0 0 0 0 0 0 0 0 0 0 
18:35:31 0 0 0 0 0 0 60 8 0 0 0 9 0 0 2 0 0 0 0 1 1 11 1 9 1 0 0 0 12 0 1 0 0 0 3 0 0 0 0 0 0 0 0 0 0 0 60 60 60 60 60 60 0 0 0 0 0 0 0 0 0 0 0 0 0 0 0 0 
18:36:31 0 0 0 0 0 0 60 0 0 0 0 7 0 1 1 1 0 0 0 0 1 11 1 5 0 0 0 0 15 0 1 0 0 0 3 0 0 0 0 0 0 0 0 0 0 0 60 60 60 60 60 60 0 0 0 0 0 0 0 0 0 0 0 0 0 0 0 0 
18:37:31 0 0 0 0 0 0 60 0 0 0 0 8 0 0 1 9 0 1 0 0 1 11 2 4 0 2 0 0 11 0 2 0 2 1 7 1 0 0 0 0 0 0 0 0 0 0 60 60 60 60 60 60 0 0 0 0 0 0 0 0 0 0 0 0 0 0 0 0 
18:38:31 0 0 0 0 0 0 60 0 0 0 0 6 0 0 1 14 0 1 0 0 0 12 2 4 0 0 2 0 12 0 3 0 0 0 7 1 0 0 0 0 0 0 0 0 0 0 60 60 60 60 60 60 0 0 0 0 0 0 0 0 0 0 0 0 0 0 0 0 
18:39:31 0 0 0 0 0 0 60 0 0 0 0 7 0 0 1 13 0 0 0 0 1 11 3 3 0 0 0 0 12 0 1 0 0 0 5 0 0 0 0 0 0 0 0 0 0 0 60 60 60 60 60 60 0 0 0 0 0 0 0 0 0 0 0 0 0 0 0 0 
18:40:31 0 0 0 0 0 0 60 0 0 0 0 6 0 1 4 13 0 0 0 2 3 11 1 2 0 0 0 0 13 0 1 0 0 0 1 0 0 0 0 0 0 0 0 0 0 0 60 60 60 60 60 60 0 0 0 0 0 0 0 0 0 0 0 0 0 0 0 0 
18:41:31 0 0 0 0 0 0 60 0 0 0 0 9 0 1 7 12 0 0 3 0 2 13 0 2 1 0 0 1 13 0 0 0 0 0 0 2 0 0 0 2 0 0 0 0 0 0 60 60 60 60 60 60 0 0 0 0 0 0 0 0 0 0 0 0 0 0 0 0 
18:42:31 0 0 0 0 0 0 60 0 0 0 0 11 0 0 5 13 0 0 2 0 4 12 2 0 0 0 0 2 10 0 0 0 0 0 3 3 0 0 0 0 0 0 0 0 0 0 60 60 60 60 60 60 0 0 0 0 0 0 0 0 0 0 0 0 0 0 0 0 
18:43:31 0 0 0 0 0 0 60 0 0 0 0 10 0 0 6 12 0 0 1 0 3 11 4 0 0 0 0 0 2 0 1 0 0 0 4 0 0 0 0 0 0 0 0 0 7 0 60 60 60 60 60 60 0 0 0 0 0 0 0 0 0 0 0 0 0 0 0 0 
18:44:31 0 0 0 0 0 0 60 0 0 0 0 10 0 0 10 9 0 0 1 0 1 10 7 0 0 0 0 0 15 0 2 0 0 0 5 0 0 0 0 0 0 0 0 0 8 0 60 60 60 60 60 60 0 0 0 0 0 0 0 0 0 0 0 0 0 0 0 0 
18:45:31 0 0 0 0 0 0 60 8 0 0 0 7 0 3 6 13 0 0 3 0 0 13 7 2 0 0 0 0 0 0 2 0 0 1 4 0 0 0 0 0 0 0 0 0 0 0 60 60 60 60 60 60 0 0 0 0 0 0 0 0 0 0 0 0 0 0 0 0 
18:46:31 0 0 0 0 0 0 60 0 0 1 0 7 0 0 5 13 0 0 0 0 2 9 4 5 1 3 0 0 0 0 1 0 0 0 8 0 0 0 0 0 0 0 0 0 0 0 60 60 60 60 60 60 0 0 0 0 0 0 0 0 0 0 0 0 0 0 0 0 
18:47:31 0 0 0 0 0 0 60 0 0 0 0 7 0 0 4 12 0 0 0 1 2 10 6 13 2 1 0 0 0 0 4 0 0 0 5 1 0 0 0 0 0 0 0 0 0 0 60 60 60 60 60 60 0 0 0 0 0 0 0 0 0 0 0 0 0 0 0 0 
18:48:31 0 0 0 0 0 0 60 0 1 0 0 7 0 0 6 10 0 0 0 0 1 8 5 13 0 4 0 0 0 0 0 0 0 1 5 1 0 0 0 0 0 0 0 0 0 0 60 60 60 60 60 60 0 0 0 0 0 0 0 0 0 0 0 0 0 0 0 0 
18:49:31 0 0 0 0 0 0 60 0 0 0 0 4 0 0 3 14 0 1 0 0 2 9 7 7 0 6 4 0 0 0 0 0 0 0 3 0 0 0 0 0 0 0 0 0 0 0 60 60 60 60 60 60 0 0 0 0 0 0 0 0 0 0 0 0 0 0 0 0 
18:50:31 0 0 0 0 0 0 60 0 0 0 0 6 0 0 5 6 0 0 0 0 0 8 7 11 0 1 1 11 0 0 0 0 0 0 0 0 0 0 0 0 0 0 0 0 0 0 60 60 60 60 60 60 0 0 0 0 0 0 0 0 0 0 0 0 0 0 0 0 
18:51:31 0 0 0 0 0 0 60 0 0 0 0 8 0 0 7 10 0 0 0 0 2 8 7 0 0 5 0 9 0 0 0 0 0 0 2 2 0 0 0 0 0 0 0 0 0 0 60 60 60 60 60 60 0 0 0 0 0 0 0 0 0 0 0 0 0 0 0 0 
18:52:31 0 0 0 0 0 0 60 0 0 0 0 7 0 0 5 13 2 1 0 0 1 10 5 0 0 5 0 10 0 0 0 0 0 0 2 0 0 0 0 0 0 0 0 0 2 0 60 60 60 60 60 60 0 0 0 0 0 0 0 0 0 0 0 0 0 0 0 0 
18:53:31 0 0 0 0 0 0 60 0 0 0 0 6 0 0 9 9 0 0 0 3 1 10 7 1 1 8 0 8 0 0 1 0 0 0 5 0 0 0 0 0 0 0 0 0 12 0 60 60 60 60 60 60 0 0 0 0 0 0 0 0 0 0 0 0 0 0 0 0 
18:54:31 0 0 0 0 0 0 60 0 0 0 1 8 0 1 4 5 0 0 0 0 1 12 12 0 1 9 0 7 0 0 2 0 0 0 6 0 0 0 0 0 0 0 0 0 0 0 60 60 60 60 60 60 0 0 0 0 0 0 0 0 0 0 0 0 0 0 0 0 
18:55:31 0 0 0 0 0 0 60 0 0 0 0 7 0 0 5 6 0 0 0 0 1 9 8 1 0 5 0 7 6 10 1 0 0 0 4 1 0 0 0 0 0 0 0 0 0 0 60 60 60 60 60 60 0 0 0 0 0 0 0 0 0 0 0 0 0 0 0 0 
18:56:31 0 0 0 0 0 0 60 8 0 1 0 10 0 0 8 10 4 0 0 0 1 13 8 0 0 6 0 11 0 0 0 0 0 1 8 1 0 0 0 0 0 0 0 0 0 0 60 60 60 60 60 60 0 0 0 0 0 0 0 0 0 0 0 0 0 0 0 0 
18:57:31 0 0 0 0 0 0 60 0 0 0 0 9 0 1 10 9 4 0 0 3 1 11 8 1 0 10 0 8 0 0 3 0 0 0 4 0 0 0 0 0 0 0 0 0 0 2 60 60 60 60 60 60 0 0 0 0 0 0 0 0 0 0 0 0 0 0 0 0 
18:58:31 0 0 0 0 0 0 60 0 0 0 0 10 0 1 12 12 6 0 0 6 0 12 3 0 0 11 0 2 0 0 0 0 0 0 3 1 0 0 0 0 0 0 0 0 0 7 60 60 60 60 60 60 0 0 0 0 0 0 0 0 0 0 0 0 0 0 0 0 
18:59:31 0 0 0 0 0 0 60 0 0 0 0 8 0 0 10 12 0 0 0 5 4 13 7 0 0 10 0 12 0 0 1 0 0 0 2 2 0 0 0 0 0 0 0 0 0 1 60 60 60 60 60 60 0 0 0 0 0 0 0 0 0 0 0 0 0 0 0 0 
19:0:31 0 0 0 0 0 0 60 0 0 0 0 6 0 2 13 13 0 0 0 8 6 10 1 0 0 5 0 10 0 0 1 0 1 0 4 2 0 0 0 0 0 0 0 0 0 0 60 60 60 60 60 60 0 0 0 0 0 0 0 0 0 0 0 0 0 0 0 0 
19:1:31 0 0 0 0 0 0 60 0 0 0 0 8 0 1 9 11 0 0 0 7 4 11 1 1 1 2 0 10 0 0 1 0 0 0 5 0 0 0 0 0 0 0 0 0 0 0 60 60 60 60 60 60 0 0 0 0 0 0 0 0 0 0 0 0 0 0 0 0 
19:2:31 0 0 0 0 0 0 60 0 0 0 0 11 0 0 6 10 0 0 4 8 3 12 0 0 0 0 0 8 0 0 0 0 0 0 4 0 0 0 0 0 0 0 0 0 0 0 60 60 60 60 60 60 0 0 0 0 0 0 0 0 0 0 0 0 0 0 0 0 
19:3:31 0 0 0 0 0 0 60 8 0 0 0 8 0 0 6 10 0 0 7 6 1 12 2 2 0 0 0 11 0 0 0 0 0 0 3 0 0 0 0 0 0 0 0 0 0 0 60 60 60 60 60 60 0 0 0 0 0 0 0 0 0 0 0 0 0 0 0 0 
19:4:31 0 0 0 0 0 0 60 0 0 0 0 8 0 0 4 5 0 0 0 3 0 13 4 0 0 2 0 11 0 0 1 0 1 0 6 0 0 0 0 1 0 0 0 0 0 0 60 60 60 60 60 60 0 0 0 0 0 0 0 0 0 0 0 0 0 0 0 0 
19:5:31 0 0 0 0 0 0 60 0 0 0 1 9 0 0 4 3 0 0 2 3 0 13 3 1 0 1 0 14 0 0 0 0 0 0 6 1 0 0 0 0 0 0 0 0 0 0 60 60 60 60 60 60 0 0 0 0 0 0 0 0 0 0 0 0 0 0 0 0 
19:6:31 0 0 0 0 0 0 60 0 0 0 0 8 0 1 1 4 0 1 0 9 4 11 11 1 0 2 0 13 0 0 1 0 0 0 2 0 0 0 0 0 0 0 0 0 0 0 60 60 60 60 60 60 0 0 0 0 0 0 0 0 0 0 0 0 0 0 0 0 
19:7:31 0 0 0 0 0 0 60 0 0 0 0 8 0 0 10 1 0 0 0 1 4 12 15 0 0 0 0 11 0 0 2 0 0 0 0 0 0 0 0 0 0 0 0 0 0 0 60 60 60 60 60 60 0 0 0 0 0 0 0 0 0 0 0 0 0 0 0 0 
19:8:31 0 0 0 0 0 0 60 0 0 0 0 8 0 0 4 2 0 0 1 1 3 10 13 1 1 0 10 12 0 0 0 0 0 0 0 0 0 0 0 0 0 0 0 0 0 0 60 60 60 60 60 60 0 0 0 0 0 0 0 0 0 0 0 0 0 0 0 0 
19:9:31 0 0 0 0 0 0 60 0 0 0 0 10 0 0 6 2 0 0 0 7 5 5 8 0 0 2 7 16 1 0 2 0 0 0 2 1 0 0 0 0 0 0 0 0 0 0 60 60 60 60 60 60 0 0 0 0 0 0 0 0 0 0 0 0 0 0 0 0 
19:10:31 0 0 0 0 0 0 60 0 0 0 0 6 0 1 2 1 0 1 2 10 2 10 11 1 0 2 6 11 0 0 0 0 0 0 1 0 0 0 0 0 0 0 0 0 10 0 60 60 60 60 60 60 0 0 0 0 0 0 0 0 0 0 0 0 0 0 0 0 
19:11:31 0 0 0 0 0 0 60 0 1 2 0 11 0 1 3 0 0 0 7 11 8 12 9 0 0 2 2 9 0 5 4 0 0 0 5 0 0 0 0 0 0 0 0 0 7 0 60 60 60 60 60 60 0 0 0 0 0 0 0 0 0 0 0 0 0 0 0 0 
19:12:31 0 0 0 0 0 0 60 0 0 1 0 8 0 0 4 2 0 1 0 3 4 11 10 0 1 1 10 11 0 14 0 0 0 0 6 0 0 0 0 1 0 0 0 0 12 0 60 60 60 60 60 60 0 0 0 0 0 0 0 0 0 0 0 0 0 0 0 0 
19:13:31 0 0 0 0 0 0 60 0 0 1 0 10 0 0 4 1 1 0 5 9 6 12 14 0 1 1 5 10 0 14 0 0 0 0 8 0 0 0 0 0 0 0 0 0 0 0 60 60 60 60 60 60 0 0 0 0 0 0 0 0 0 0 0 0 0 0 0 0 
19:14:31 0 0 0 0 0 0 60 0 0 0 0 6 0 0 3 2 1 2 0 12 6 13 11 1 1 2 1 11 0 3 2 0 0 0 5 0 0 0 0 0 0 0 0 0 0 0 60 60 60 60 60 60 0 0 0 0 0 0 0 0 0 0 0 0 0 0 0 0 
19:15:31 0 0 0 0 0 0 60 0 0 0 0 8 0 0 0 0 0 0 0 7 9 12 13 0 0 0 4 10 0 1 0 0 0 0 2 1 0 0 0 0 0 0 0 0 0 0 60 60 60 60 60 60 0 0 0 0 0 0 0 0 0 0 0 0 0 0 0 0 
19:16:31 0 0 0 0 0 0 60 0 2 4 2 8 0 0 0 0 0 4 9 4 7 12 10 0 0 3 1 11 0 0 1 0 0 0 1 1 0 0 0 0 0 0 0 0 0 0 60 60 60 60 60 60 0 0 0 0 0 0 0 0 0 0 0 0 0 0 0 0 
19:17:31 0 0 0 0 0 0 60 0 1 11 0 9 0 0 0 0 0 1 11 2 7 12 15 3 1 11 0 9 0 0 1 0 0 0 1 2 0 0 0 0 0 0 0 0 0 0 60 60 60 60 60 60 0 0 0 0 0 0 0 0 0 0 0 0 0 0 0 0 
19:18:31 0 0 0 0 0 0 60 0 0 6 0 10 0 0 6 2 0 1 11 4 7 12 10 4 1 9 2 11 3 0 2 0 0 0 0 0 0 0 0 0 0 0 0 0 14 0 60 60 60 60 60 60 0 0 0 0 0 0 0 0 0 0 0 0 0 0 0 0 
19:19:31 0 0 0 0 0 0 60 0 2 5 0 10 0 1 5 1 0 0 12 1 5 11 10 0 0 11 2 9 2 4 0 0 0 0 2 1 0 0 0 0 0 0 0 0 0 0 60 60 60 60 60 60 0 0 0 0 0 0 0 0 0 0 0 0 0 0 0 0 
19:20:31 0 0 0 0 0 0 60 0 0 0 0 10 0 0 12 2 0 4 8 1 10 11 13 0 0 12 2 11 10 0 0 0 0 0 3 0 0 0 0 0 0 0 0 0 0 0 60 60 60 60 60 60 0 0 0 0 0 0 0 0 0 0 0 0 0 0 0 0 
19:21:31 0 0 0 0 0 0 60 0 0 0 0 7 0 0 11 3 1 4 8 4 9 11 8 0 1 14 5 11 14 0 0 0 0 1 4 0 0 0 0 0 0 0 0 0 0 0 60 60 60 60 60 60 0 0 0 0 0 0 0 0 0 0 0 0 0 0 0 0 
19:22:31 0 0 0 0 0 0 60 8 0 0 0 11 0 0 14 3 4 3 8 5 10 11 9 1 0 10 0 10 9 0 0 0 0 1 5 0 0 0 0 0 0 0 0 0 15 0 60 60 60 60 60 60 0 0 0 0 0 0 0 0 0 0 0 0 0 0 0 0 
19:23:31 0 0 0 0 0 0 60 0 0 2 0 11 0 1 10 1 3 6 10 4 10 12 3 2 0 5 0 10 12 7 1 0 0 0 3 0 0 0 0 0 0 0 0 0 0 0 60 60 60 60 60 60 0 0 0 0 0 0 0 0 0 0 0 0 0 0 0 0 
19:24:31 0 0 0 0 0 0 60 0 0 8 0 9 0 0 11 1 4 2 9 9 10 12 4 0 4 8 0 11 7 0 0 0 0 0 2 1 0 0 0 0 0 0 0 0 0 0 60 60 60 60 60 60 0 0 0 0 0 0 0 0 0 0 0 0 0 0 0 0 
19:25:31 0 0 0 0 0 0 60 0 0 0 2 9 0 1 10 2 5 1 2 9 10 12 5 0 0 9 0 13 16 0 2 0 0 0 5 2 0 0 0 0 0 0 0 0 14 0 60 60 60 60 60 60 0 0 0 0 0 0 0 0 0 0 0 0 0 0 0 0 
19:26:31 0 0 0 0 0 0 60 0 0 0 1 10 0 0 12 0 10 6 3 14 12 11 6 0 0 13 0 11 13 0 0 0 0 0 1 1 0 0 0 0 0 0 0 0 0 0 60 60 60 60 60 60 0 0 0 0 0 0 0 0 0 0 0 0 0 0 0 0 
19:27:31 0 0 0 0 0 0 60 0 0 0 5 11 0 0 10 2 8 10 0 14 12 13 9 0 0 6 0 12 14 0 0 0 0 0 1 0 0 0 0 0 0 0 0 0 14 0 60 60 60 60 60 60 0 0 0 0 0 0 0 0 0 0 0 0 0 0 0 0 
19:28:31 0 0 0 0 0 0 60 0 0 0 0 8 0 0 11 2 11 8 0 7 10 13 13 0 2 7 0 12 15 0 0 0 0 0 3 0 0 0 0 0 0 0 0 0 0 0 60 60 60 60 60 60 0 0 0 0 0 0 0 0 0 0 0 0 0 0 0 0 
19:29:31 0 0 0 0 0 0 60 0 0 0 2 11 0 0 6 4 0 10 0 11 11 9 12 0 4 9 0 12 12 0 4 0 0 0 5 0 0 0 0 0 0 0 0 0 0 0 60 60 60 60 60 60 0 0 0 0 0 0 0 0 0 0 0 0 0 0 0 0 
19:30:31 0 0 0 0 0 0 60 8 0 0 0 10 0 0 10 3 0 8 0 13 11 9 12 2 4 8 0 13 8 0 0 0 0 0 5 0 0 0 0 0 0 0 0 0 0 0 60 60 60 60 60 60 0 0 0 0 0 0 0 0 0 0 0 0 0 0 0 0 
19:31:31 0 0 0 0 0 0 60 0 0 0 3 12 0 0 11 1 0 7 0 10 11 9 13 0 3 9 0 9 10 0 1 0 0 0 3 0 0 0 0 0 0 0 0 0 2 0 60 60 60 60 60 60 0 0 0 0 0 0 0 0 0 0 0 0 0 0 0 0 
19:32:31 0 0 0 0 0 0 60 0 0 0 0 10 0 0 8 0 0 13 1 6 11 7 11 0 1 8 0 9 4 0 2 0 0 0 1 0 0 0 0 0 0 0 0 0 12 0 60 60 60 60 60 60 0 0 0 0 0 0 0 0 0 0 0 0 0 0 0 0 
19:33:31 0 0 0 0 0 0 60 0 0 0 0 10 0 0 10 0 0 7 1 12 11 5 10 0 3 7 0 13 4 0 0 0 0 0 1 1 0 0 0 0 0 0 0 0 15 0 60 60 60 60 60 60 0 0 0 0 0 0 0 0 0 0 0 0 0 0 0 0 
19:34:31 0 0 0 0 0 0 60 0 0 0 0 11 0 0 11 2 4 3 1 10 12 6 10 1 0 9 0 12 9 0 1 0 0 0 2 0 0 0 0 0 0 0 0 0 15 0 60 60 60 60 60 60 0 0 0 0 0 0 0 0 0 0 0 0 0 0 0 0 
19:35:31 0 0 0 0 0 0 60 0 0 0 2 14 0 0 11 1 9 7 0 10 9 4 14 0 0 12 0 10 6 0 0 0 0 0 0 0 0 0 0 0 0 0 0 0 0 0 60 60 60 60 60 60 0 0 0 0 0 0 0 0 0 0 0 0 0 0 0 0 
19:36:31 0 0 0 0 0 0 60 0 0 0 0 9 0 1 12 2 0 1 1 10 11 10 13 0 3 12 0 12 4 0 1 0 0 0 2 0 0 0 0 0 0 0 0 0 0 0 60 60 60 60 60 60 0 0 0 0 0 0 0 0 0 0 0 0 0 0 0 0 
19:37:31 0 0 0 0 0 0 60 0 0 2 0 12 0 0 12 1 3 9 6 1 10 11 5 0 6 10 0 12 8 0 0 0 0 0 4 2 0 0 0 0 0 0 0 0 0 0 60 60 60 60 60 60 0 0 0 0 0 0 0 0 0 0 0 0 0 0 0 0 
19:38:31 0 0 0 0 0 0 60 0 3 0 0 10 0 0 9 1 5 14 6 2 11 11 8 0 9 10 0 11 8 15 3 0 0 0 3 1 0 0 0 1 0 0 0 0 0 0 60 60 60 60 60 60 0 0 0 0 0 0 0 0 0 0 0 0 0 0 0 0 
19:39:31 0 0 0 0 0 0 60 8 6 0 0 10 0 0 11 0 1 10 0 7 10 11 5 1 5 8 0 11 6 0 1 0 0 0 7 1 0 0 0 0 0 0 0 0 15 0 60 60 60 60 60 60 0 0 0 0 0 0 0 0 0 0 0 0 0 0 0 0 
19:40:31 0 0 0 0 0 0 60 0 4 1 2 12 0 0 12 1 0 13 0 7 12 11 6 1 10 4 1 7 1 0 1 0 0 1 5 0 0 0 0 0 0 0 0 0 0 0 60 60 60 60 60 60 0 0 0 0 0 0 0 0 0 0 0 0 0 0 0 0 
19:41:31 0 0 0 0 0 0 60 8 2 0 1 12 0 0 13 1 1 12 0 1 11 9 1 0 12 10 12 9 1 0 2 0 0 0 2 1 0 0 0 0 0 0 0 0 0 0 60 60 60 60 60 60 0 0 0 0 0 0 0 0 0 0 0 0 0 0 0 0 
19:42:31 0 0 0 0 0 0 60 0 4 0 0 10 0 0 10 0 0 12 1 0 12 6 2 0 11 10 7 9 0 0 0 0 0 0 1 0 0 0 0 0 0 0 0 0 0 0 60 60 60 60 60 60 0 0 0 0 0 0 0 0 0 0 0 0 0 0 0 0 
19:43:31 0 0 0 0 0 0 60 0 0 0 0 9 0 0 8 3 2 9 2 0 11 5 0 1 8 7 9 11 0 0 0 0 0 0 0 1 0 0 0 0 0 0 0 0 0 0 60 60 60 60 60 60 0 0 0 0 0 0 0 0 0 0 0 0 0 0 0 0 
19:44:31 0 0 0 0 0 0 60 8 6 0 0 10 0 0 13 1 0 11 1 0 12 4 3 0 10 11 7 8 0 0 1 0 0 0 2 2 0 0 0 0 0 0 0 0 15 0 60 60 60 60 60 60 0 0 0 0 0 0 0 0 0 0 0 0 0 0 0 0 
19:45:31 0 0 0 0 0 0 60 0 3 0 0 10 0 0 13 0 0 10 0 1 5 1 1 1 11 14 7 11 0 0 0 0 0 0 1 0 0 0 0 0 0 0 0 0 20 8 60 60 60 60 60 60 0 0 0 0 0 0 0 0 0 0 0 0 0 0 0 0 
19:46:31 0 0 0 0 0 0 60 0 0 0 0 10 0 0 12 2 0 6 0 0 4 0 0 2 10 5 11 12 0 0 0 0 0 0 2 0 0 0 0 0 0 0 0 0 23 21 60 60 60 60 60 60 0 0 0 0 0 0 0 0 0 0 0 0 0 0 0 0 
19:47:31 0 0 0 0 0 0 60 8 0 2 1 7 0 0 9 0 2 8 0 1 3 5 1 0 12 6 4 13 0 12 0 0 0 0 7 0 0 0 0 0 0 0 0 0 0 15 60 60 60 60 60 60 0 0 0 0 0 0 0 0 0 0 0 0 0 0 0 0 
19:48:31 0 0 0 0 0 0 60 8 0 0 0 11 0 0 9 0 3 6 0 0 4 2 1 0 14 9 15 12 2 18 2 0 0 1 6 1 0 0 0 0 0 0 0 0 29 15 60 60 60 60 60 60 0 0 0 0 0 0 0 0 0 0 0 0 0 0 0 0 
19:49:31 0 0 0 0 0 0 60 0 0 0 0 7 0 0 5 2 4 2 2 0 2 0 2 1 11 6 12 8 1 12 1 0 0 0 9 1 0 0 0 0 0 0 0 0 0 18 60 60 60 60 60 60 0 0 0 0 0 0 0 0 0 0 0 0 0 0 0 0 
19:50:31 0 0 0 0 0 0 60 0 0 0 0 7 0 0 9 1 8 4 2 0 4 1 1 0 8 6 12 11 8 14 0 0 0 0 4 0 0 0 0 0 0 0 0 0 14 18 60 60 60 60 60 60 0 0 0 0 0 0 0 0 0 0 0 0 0 0 0 0 
19:51:31 0 0 0 0 0 0 60 10 0 0 0 9 0 0 8 0 10 5 2 0 6 0 0 0 8 11 11 8 12 14 0 0 0 0 1 0 0 0 0 0 0 0 0 0 30 20 60 60 60 60 60 60 0 0 0 0 0 0 0 0 0 0 0 0 0 0 0 0 
19:52:31 0 0 0 0 0 0 60 23 0 0 0 7 0 0 10 0 11 5 1 0 4 2 2 2 7 12 10 2 0 17 0 0 0 0 0 1 0 0 0 1 0 0 0 0 6 17 60 60 60 60 60 60 0 0 0 0 0 0 0 0 0 0 0 0 0 0 0 0 
19:53:31 0 0 0 0 0 0 60 22 0 0 0 5 0 0 3 2 11 4 0 0 3 0 0 0 12 11 6 0 13 16 0 0 0 0 4 0 0 0 0 0 0 0 0 0 41 20 60 60 60 60 60 60 0 0 0 0 0 0 0 0 0 0 0 0 0 0 0 0 
19:54:31 0 0 0 0 0 0 60 24 1 0 0 9 0 0 0 3 7 12 1 0 1 0 0 4 11 7 11 4 19 15 2 0 0 0 2 0 0 0 0 0 0 0 0 0 38 20 60 60 60 60 60 60 0 0 0 0 0 0 0 0 0 0 0 0 0 0 0 0 
19:55:31 0 0 0 0 0 0 60 32 6 1 0 9 0 0 1 2 10 12 0 1 4 0 1 0 12 0 15 9 11 20 1 0 0 0 6 0 0 0 0 0 0 0 0 0 14 15 60 60 60 60 60 60 0 0 0 0 0 0 0 0 0 0 0 0 0 0 0 0 
19:56:31 0 0 0 0 0 0 60 14 9 0 0 9 0 0 1 0 7 12 1 0 9 0 1 0 10 2 10 12 7 14 0 0 0 0 7 1 0 0 0 0 0 0 0 0 14 17 60 60 60 60 60 60 0 0 0 0 0 0 0 0 0 0 0 0 0 0 0 0 
19:57:31 0 0 0 0 0 0 60 20 4 0 0 10 0 0 4 2 12 10 0 0 11 0 0 0 10 7 11 12 0 7 2 0 0 0 6 0 0 0 0 0 0 0 0 0 14 20 60 60 60 60 60 60 0 0 0 0 0 0 0 0 0 0 0 0 0 0 0 0 
19:58:31 0 0 0 0 0 0 60 21 3 1 0 7 0 0 5 0 10 10 7 0 7 0 0 0 8 7 9 12 0 11 2 0 0 0 3 0 0 0 0 0 0 0 0 0 29 19 60 60 60 60 60 60 0 0 0 0 0 0 0 0 0 0 0 0 0 0 0 0 
19:59:31 0 0 0 0 0 0 60 24 6 0 0 6 0 0 11 1 12 14 2 0 5 0 0 0 7 4 11 14 0 4 1 0 0 0 0 0 0 0 0 0 0 0 0 0 0 17 60 60 60 60 60 60 0 0 0 0 0 0 0 0 0 0 0 0 0 0 0 0 
20:0:31 0 0 0 0 0 0 60 24 3 0 0 7 0 0 12 3 9 11 0 1 9 0 0 0 6 3 13 13 0 18 1 0 0 0 0 0 0 0 0 0 0 0 0 0 30 19 60 60 60 60 60 60 0 0 0 0 0 0 0 0 0 0 0 0 0 0 0 0 
20:1:31 0 0 0 0 0 0 60 30 1 0 0 7 0 0 11 8 12 8 2 0 0 0 4 0 9 0 14 9 0 18 0 0 0 0 1 0 0 0 0 0 0 0 0 0 18 20 60 60 60 60 60 60 0 0 0 0 0 0 0 0 0 0 0 0 0 0 0 0 
20:2:31 0 0 0 0 0 0 60 17 0 0 0 7 0 0 13 5 12 4 0 0 6 0 0 0 9 0 9 11 0 15 1 0 0 0 3 0 0 0 0 0 0 0 0 0 20 18 60 60 60 60 60 60 0 0 0 0 0 0 0 0 0 0 0 0 0 0 0 0 
20:3:31 0 0 0 0 0 0 60 0 0 0 0 10 0 0 7 7 9 6 0 1 9 0 0 1 7 0 9 12 0 15 2 0 0 0 4 0 0 0 0 0 0 0 0 0 6 19 60 60 60 60 60 60 0 0 0 0 0 0 0 0 0 0 0 0 0 0 0 0 
20:4:31 0 0 0 0 0 0 60 15 0 1 0 8 0 0 9 7 11 5 2 1 11 0 1 9 10 1 9 11 2 15 2 0 0 0 5 0 0 0 0 0 0 0 0 0 17 19 60 60 60 60 60 60 0 0 0 0 0 0 0 0 0 0 0 0 0 0 0 0 
20:5:31 0 0 0 0 0 0 60 17 0 2 0 9 0 0 9 8 12 7 0 3 11 0 0 0 10 1 10 12 3 7 1 0 0 0 4 0 0 0 0 0 0 0 0 0 12 21 60 60 60 60 60 60 0 0 0 0 0 0 0 0 0 0 0 0 0 0 0 0 
20:6:31 0 0 0 0 0 0 60 0 0 0 0 11 0 0 5 10 11 10 0 0 11 0 2 0 11 1 10 11 0 8 1 0 0 0 4 0 0 0 0 0 0 0 0 0 14 17 60 60 60 60 60 60 0 0 0 0 0 0 0 0 0 0 0 0 0 0 0 0 
20:7:31 0 0 0 0 0 0 60 0 0 0 0 11 0 0 3 10 11 11 3 0 10 0 1 1 11 2 10 14 0 10 2 0 0 0 0 1 0 0 0 0 0 0 0 0 24 18 60 60 60 60 60 60 0 0 0 0 0 0 0 0 0 0 0 0 0 0 0 0 
20:8:31 0 0 0 0 0 0 60 0 0 0 0 6 0 0 5 12 13 9 0 3 5 0 0 0 4 1 11 9 1 7 0 0 0 0 3 1 0 0 0 0 0 0 0 0 20 20 60 60 60 60 60 60 0 0 0 0 0 0 0 0 0 0 0 0 0 0 0 0 
20:9:31 0 0 0 0 0 0 60 16 2 0 0 11 0 0 3 9 10 11 0 0 10 0 1 3 7 3 13 13 0 4 0 0 0 0 0 0 0 0 0 0 0 0 0 0 29 17 60 60 60 60 60 60 0 0 0 0 0 0 0 0 0 0 0 0 0 0 0 0 
20:10:31 0 0 0 0 0 0 60 8 0 0 0 9 0 0 6 9 11 2 0 7 11 0 2 1 8 3 12 10 0 5 0 0 0 0 3 0 0 0 0 0 0 0 0 0 0 21 60 60 60 60 60 60 0 0 0 0 0 0 0 0 0 0 0 0 0 0 0 0 
20:11:31 0 0 0 0 0 0 60 15 0 1 0 10 0 0 7 13 12 0 0 2 10 0 9 1 9 0 12 11 12 9 2 0 0 0 1 0 0 0 0 0 0 0 0 0 18 16 60 60 60 60 60 60 0 0 0 0 0 0 0 0 0 0 0 0 0 0 0 0 
20:12:31 0 0 0 0 0 0 60 8 0 0 0 11 0 0 7 10 11 0 2 5 8 0 7 2 10 0 15 11 11 10 0 0 0 0 5 0 0 0 0 0 0 0 0 0 15 19 60 60 60 60 60 60 0 0 0 0 0 0 0 0 0 0 0 0 0 0 0 0 
20:13:31 0 0 0 0 0 0 60 0 0 0 0 11 0 0 10 8 13 2 0 1 12 2 9 2 12 0 8 10 9 5 0 0 0 0 3 1 0 0 0 0 0 0 0 0 26 22 60 60 60 60 60 60 0 0 0 0 0 0 0 0 0 0 0 0 0 0 0 0 
20:14:31 0 0 0 0 0 0 60 15 0 0 0 8 0 0 7 13 11 1 0 11 11 0 6 8 10 0 11 8 4 7 6 0 0 0 4 1 0 0 0 0 0 0 0 0 35 20 60 60 60 60 60 60 0 0 0 0 0 0 0 0 0 0 0 0 0 0 0 0 
20:15:31 0 0 0 0 0 0 60 16 0 0 0 9 0 0 11 9 11 3 0 9 11 2 8 10 10 0 11 10 4 12 1 0 0 0 2 0 0 0 0 0 0 0 0 0 8 3 60 60 60 60 60 60 0 0 0 0 0 0 0 0 0 0 0 0 0 0 0 0 
20:16:31 0 0 0 0 0 0 60 26 1 0 0 7 0 0 12 11 10 1 1 8 9 1 8 10 8 0 13 12 0 14 0 0 0 0 3 0 0 0 0 0 0 0 0 0 0 9 60 60 60 60 60 60 0 0 0 0 0 0 0 0 0 0 0 0 0 0 0 0 
20:17:31 0 0 0 0 0 0 60 20 0 0 0 9 0 0 12 12 9 0 0 0 11 0 9 11 10 1 12 12 1 15 3 0 0 0 0 0 0 0 0 0 0 0 0 0 0 0 60 60 60 60 60 60 0 0 0 0 0 0 0 0 0 0 0 0 0 0 0 0 
20:18:31 0 0 0 0 0 0 60 8 0 0 0 11 0 0 11 5 13 0 0 1 10 1 9 16 9 3 14 12 15 16 0 0 0 0 0 1 0 0 0 0 0 0 0 0 0 2 60 60 60 60 60 60 0 0 0 0 0 0 0 0 0 0 0 0 0 0 0 0 
20:19:31 0 0 0 0 0 0 60 0 0 0 0 9 0 0 8 12 12 3 0 0 8 2 6 12 9 0 8 14 13 15 4 0 0 0 4 0 0 0 0 0 0 0 0 0 0 0 60 60 60 60 60 60 0 0 0 0 0 0 0 0 0 0 0 0 0 0 0 0 
20:20:31 0 0 0 0 0 0 60 23 0 0 0 9 0 0 11 14 11 0 2 2 12 0 7 10 10 0 10 12 0 17 1 0 0 0 2 1 0 0 0 0 0 0 0 0 0 0 60 60 60 60 60 60 0 0 0 0 0 0 0 0 0 0 0 0 0 0 0 0 
20:21:31 0 0 0 0 0 0 60 14 0 0 0 10 0 0 13 12 11 3 0 0 11 1 11 11 11 0 13 12 13 11 1 0 0 0 5 1 0 0 0 0 0 0 0 0 0 0 60 60 60 60 60 60 0 0 0 0 0 0 0 0 0 0 0 0 0 0 0 0 
20:22:31 0 0 0 0 0 0 60 2 0 0 0 11 0 0 4 11 13 2 1 1 11 0 11 5 10 0 13 13 2 13 1 0 0 0 9 0 0 0 0 0 0 0 0 0 0 0 60 60 60 60 60 60 0 0 0 0 0 0 0 0 0 0 0 0 0 0 0 0 
20:23:31 0 0 0 0 0 0 60 0 0 0 0 11 0 0 6 12 8 4 0 0 11 0 13 6 10 2 9 13 0 9 0 0 0 0 6 0 0 0 0 0 0 0 0 0 0 8 60 60 60 60 60 60 0 0 0 0 0 0 0 0 0 0 0 0 0 0 0 0 
20:24:31 0 0 0 0 0 0 60 0 0 0 0 10 0 0 12 12 5 0 5 1 11 0 15 4 6 0 10 13 0 16 0 0 0 0 2 2 0 0 0 0 0 0 0 0 5 18 60 60 60 60 60 60 0 0 0 0 0 0 0 0 0 0 0 0 0 0 0 0 
20:25:31 0 0 0 0 0 0 60 0 0 4 0 9 0 0 10 11 5 1 11 0 10 1 13 5 8 0 12 12 3 18 0 0 0 0 2 2 0 0 0 0 0 0 0 0 17 16 60 60 60 60 60 60 0 0 0 0 0 0 0 0 0 0 0 0 0 0 0 0 
20:26:31 0 0 0 0 0 0 60 0 1 4 0 13 0 0 11 12 10 0 10 0 11 0 11 5 10 0 12 11 0 16 0 0 0 0 0 1 0 0 0 0 0 0 0 0 7 12 60 60 60 60 60 60 0 0 0 0 0 0 0 0 0 0 0 0 0 0 0 0 
20:27:31 0 0 0 0 0 0 60 0 0 1 0 11 0 0 12 12 8 2 8 6 12 0 5 0 9 1 8 9 1 12 0 0 0 0 0 0 0 0 0 0 0 0 0 0 0 21 60 60 60 60 60 60 0 0 0 0 0 0 0 0 0 0 0 0 0 0 0 0 
20:28:31 0 0 0 0 0 0 60 0 0 1 0 7 0 0 10 12 7 0 1 8 13 0 3 2 12 2 11 9 0 0 0 0 0 0 5 0 0 0 0 0 0 0 0 0 15 16 60 60 60 60 60 60 0 0 0 0 0 0 0 0 0 0 0 0 0 0 0 0 
20:29:31 0 0 0 0 0 0 60 8 0 1 0 12 0 0 6 13 7 0 0 3 10 0 2 10 13 0 13 12 0 0 0 0 0 0 7 1 0 0 0 1 0 0 0 0 30 18 60 60 60 60 60 60 0 0 0 0 0 0 0 0 0 0 0 0 0 0 0 0 
20:30:31 0 0 0 0 0 0 60 0 0 1 0 11 0 0 6 12 1 0 0 3 11 0 7 13 11 0 10 12 0 0 2 0 0 0 5 0 0 0 0 0 0 0 0 0 14 18 60 60 60 60 60 60 0 0 0 0 0 0 0 0 0 0 0 0 0 0 0 0 
20:31:31 0 0 0 0 0 0 60 0 0 0 1 9 0 0 8 16 0 8 0 7 14 1 3 10 7 1 11 10 0 0 2 0 0 0 5 0 0 0 0 0 0 0 0 0 15 19 60 60 60 60 60 60 0 0 0 0 0 0 0 0 0 0 0 0 0 0 0 0 
20:32:31 0 0 0 0 0 0 60 0 0 0 0 8 0 0 11 9 3 7 0 6 8 0 3 14 2 0 11 13 0 0 0 0 0 0 1 0 0 0 0 0 0 0 0 0 28 16 60 60 60 60 60 60 0 0 0 0 0 0 0 0 0 0 0 0 0 0 0 0 
20:33:31 0 0 0 0 0 0 60 8 0 0 0 10 0 0 11 6 4 8 0 7 11 0 12 10 1 0 14 12 0 0 0 0 0 0 1 1 0 0 0 0 0 0 0 0 0 15 60 60 60 60 60 60 0 0 0 0 0 0 0 0 0 0 0 0 0 0 0 0 
20:34:31 0 0 0 0 0 0 60 0 0 0 0 8 0 0 11 11 6 8 1 4 10 2 13 13 1 0 7 12 1 0 0 0 0 0 0 3 0 0 0 0 0 0 0 0 15 18 60 60 60 60 60 60 0 0 0 0 0 0 0 0 0 0 0 0 0 0 0 0 
20:35:31 0 0 0 0 0 0 60 8 0 0 0 8 0 0 8 9 4 4 0 5 10 0 11 6 6 0 11 13 2 0 0 0 0 0 1 0 0 0 0 0 0 0 0 0 28 15 60 60 60 60 60 60 0 0 0 0 0 0 0 0 0 0 0 0 0 0 0 0 
20:36:31 0 0 0 0 0 0 60 0 0 0 0 11 0 0 12 10 4 6 0 9 11 5 10 8 9 0 10 9 0 0 0 0 0 0 3 1 0 0 0 0 0 0 0 0 2 19 60 60 60 60 60 60 0 0 0 0 0 0 0 0 0 0 0 0 0 0 0 0 
20:37:31 0 0 0 0 0 0 60 0 0 0 0 11 0 0 10 9 7 5 0 6 11 9 10 14 10 1 11 10 2 0 1 0 0 0 2 0 0 0 0 0 0 0 0 0 29 18 60 60 60 60 60 60 0 0 0 0 0 0 0 0 0 0 0 0 0 0 0 0 
20:38:31 0 0 0 0 0 0 60 0 0 0 0 11 0 0 13 12 4 4 0 3 11 6 14 13 10 0 8 11 0 0 1 0 0 0 4 0 0 0 0 0 0 0 0 0 15 15 60 60 60 60 60 60 0 0 0 0 0 0 0 0 0 0 0 0 0 0 0 0 
20:39:31 0 0 0 0 0 0 60 0 0 0 0 11 0 0 10 11 7 4 0 5 12 8 15 13 10 0 7 10 2 0 2 0 0 0 3 0 0 0 0 0 0 0 0 0 29 15 60 60 60 60 60 60 0 0 0 0 0 0 0 0 0 0 0 0 0 0 0 0 
20:40:31 0 0 0 0 0 0 60 0 0 0 0 10 0 0 13 4 0 1 0 4 12 6 12 8 11 0 9 14 0 0 4 0 0 0 5 0 0 0 0 0 0 0 0 0 30 20 60 60 60 60 60 60 0 0 0 0 0 0 0 0 0 0 0 0 0 0 0 0 
20:41:31 0 0 0 0 0 0 60 0 1 1 1 8 0 0 8 7 0 8 0 9 10 5 11 9 8 0 11 10 0 0 0 0 0 0 3 1 0 0 0 0 0 0 0 0 19 17 60 60 60 60 60 60 0 0 0 0 0 0 0 0 0 0 0 0 0 0 0 0 
20:42:31 0 0 0 0 0 0 60 0 0 0 1 11 0 0 10 0 0 8 0 11 13 7 10 10 12 0 10 5 0 0 0 0 0 0 2 2 0 0 0 0 0 0 0 0 9 15 60 60 60 60 60 60 0 0 0 0 0 0 0 0 0 0 0 0 0 0 0 0 
20:43:31 0 0 0 0 0 0 60 0 0 0 3 11 0 0 8 3 0 2 0 12 10 6 11 12 11 0 3 8 0 0 2 0 0 0 2 1 0 0 0 0 0 0 0 0 11 20 60 60 60 60 60 60 0 0 0 0 0 0 0 0 0 0 0 0 0 0 0 0 
20:44:31 0 0 0 0 0 0 60 0 0 0 0 10 0 0 8 3 0 6 0 13 11 10 10 16 6 0 3 1 0 0 0 0 0 0 3 2 0 0 0 0 0 0 0 0 19 18 60 60 60 60 60 60 0 0 0 0 0 0 0 0 0 0 0 0 0 0 0 0 
20:45:31 0 0 0 0 0 0 60 0 0 0 1 8 0 0 8 2 0 6 0 11 6 3 12 13 9 0 10 3 6 0 0 0 0 0 3 0 0 0 0 0 0 0 0 0 28 15 60 60 60 60 60 60 0 0 0 0 0 0 0 0 0 0 0 0 0 0 0 0 
20:46:31 0 0 0 0 0 0 60 0 0 0 2 7 0 0 6 2 0 6 0 14 6 9 5 13 5 1 9 9 0 0 0 0 0 0 8 0 0 0 0 0 0 0 0 0 14 17 60 60 60 60 60 60 0 0 0 0 0 0 0 0 0 0 0 0 0 0 0 0 
20:47:31 0 0 0 0 0 0 60 0 0 1 4 8 0 0 7 2 1 2 0 11 4 5 10 9 3 0 13 12 9 0 0 0 0 0 2 0 0 0 0 0 0 0 0 0 7 19 60 60 60 60 60 60 0 0 0 0 0 0 0 0 0 0 0 0 0 0 0 0 
20:48:31 0 0 0 0 0 0 60 8 0 0 2 8 0 0 10 2 0 3 0 8 2 3 14 2 7 0 5 12 10 0 2 0 0 1 4 0 0 0 0 0 0 0 0 0 8 14 60 60 60 60 60 60 0 0 0 0 0 0 0 0 0 0 0 0 0 0 0 0 
20:49:31 0 0 0 0 0 0 60 0 0 0 8 10 0 0 6 7 1 0 0 10 3 3 13 2 14 0 2 10 3 0 2 0 0 1 9 0 0 0 0 0 0 0 0 0 0 6 60 60 60 60 60 60 0 0 0 0 0 0 0 0 0 0 0 0 0 0 0 0 
20:50:31 0 0 0 0 0 0 60 0 0 0 0 10 0 0 0 1 6 0 0 9 3 3 15 3 9 0 2 12 0 0 1 0 0 0 0 2 0 0 0 0 0 0 0 0 0 15 60 60 60 60 60 60 0 0 0 0 0 0 0 0 0 0 0 0 0 0 0 0 
20:51:31 0 0 0 0 0 0 60 0 0 0 0 8 0 0 2 0 2 0 1 12 4 1 11 3 0 0 8 12 9 0 2 0 0 0 1 1 0 0 0 0 0 0 0 0 20 21 60 60 60 60 60 60 0 0 0 0 0 0 0 0 0 0 0 0 0 0 0 0 
20:52:31 0 0 0 0 0 0 60 0 0 0 0 4 0 0 4 1 7 1 0 12 1 1 10 4 1 0 10 10 17 6 0 0 0 0 2 4 0 0 0 0 0 0 0 0 40 19 60 60 60 60 60 60 0 0 0 0 0 0 0 0 0 0 0 0 0 0 0 0 
20:53:31 0 0 0 0 0 0 60 0 0 0 1 9 0 0 3 3 0 0 0 11 0 0 13 1 0 0 11 11 7 15 2 0 0 0 3 0 0 0 0 0 0 0 0 0 29 18 60 60 60 60 60 60 0 0 0 0 0 0 0 0 0 0 0 0 0 0 0 0 
20:54:31 0 0 0 0 0 0 60 0 0 2 1 7 0 0 1 1 0 0 0 12 2 0 13 1 3 8 15 12 12 7 0 0 0 0 3 0 0 0 0 0 0 0 0 0 34 21 60 60 60 60 60 60 0 0 0 0 0 0 0 0 0 0 0 0 0 0 0 0 
20:55:31 0 0 0 0 0 0 60 0 0 0 0 11 0 0 0 1 0 0 0 10 8 1 15 5 0 1 13 13 0 16 2 0 0 1 2 0 0 0 0 0 0 0 0 0 11 17 60 60 60 60 60 60 0 0 0 0 0 0 0 0 0 0 0 0 0 0 0 0 
20:56:31 0 0 0 0 0 0 60 0 0 0 0 7 0 0 9 0 0 0 0 10 11 1 8 0 0 2 11 11 1 15 0 0 0 0 5 0 0 0 0 0 0 0 0 0 29 20 60 60 60 60 60 60 0 0 0 0 0 0 0 0 0 0 0 0 0 0 0 0 
20:57:31 0 0 0 0 0 0 60 0 0 0 3 10 0 0 8 4 0 1 1 12 11 1 11 0 2 1 10 11 0 15 1 0 0 0 6 0 0 0 0 0 0 0 0 0 29 17 60 60 60 60 60 60 0 0 0 0 0 0 0 0 0 0 0 0 0 0 0 0 
20:58:31 0 0 0 0 0 0 60 0 0 2 7 10 0 0 7 0 0 2 9 10 11 0 10 8 9 1 8 5 1 14 1 0 0 0 2 1 0 0 0 0 0 0 0 0 29 12 60 60 60 60 60 60 0 0 0 0 0 0 0 0 0 0 0 0 0 0 0 0 
20:59:31 0 0 0 0 0 0 60 0 0 5 1 11 0 0 3 3 0 0 11 13 12 2 5 4 3 1 3 12 1 8 0 0 0 0 0 0 0 0 0 0 0 0 0 0 14 6 60 60 60 60 60 60 0 0 0 0 0 0 0 0 0 0 0 0 0 0 0 0 
21:0:31 0 0 0 0 0 0 60 0 0 2 1 6 0 0 0 1 0 0 5 7 11 0 0 8 0 1 0 13 5 14 0 0 0 0 4 2 0 0 0 0 0 0 0 0 0 0 60 60 60 60 60 60 0 0 0 0 0 0 0 0 0 0 0 0 0 0 0 0 
21:1:31 0 0 0 0 0 0 60 8 0 0 1 9 0 0 2 1 0 0 0 11 9 0 1 10 1 4 0 10 0 13 3 0 0 0 2 0 0 0 0 0 0 0 0 0 0 0 60 60 60 60 60 60 0 0 0 0 0 0 0 0 0 0 0 0 0 0 0 0 
21:2:31 0 0 0 0 0 0 60 0 0 1 5 7 0 0 2 3 2 1 8 10 6 0 1 7 0 2 0 11 4 15 2 0 0 0 4 1 0 0 0 0 0 0 0 0 0 0 60 60 60 60 60 60 0 0 0 0 0 0 0 0 0 0 0 0 0 0 0 0 
21:3:31 0 0 0 0 0 0 60 0 0 1 5 10 0 0 7 1 0 0 2 12 6 0 1 8 0 1 0 11 6 15 0 0 0 0 7 1 0 0 0 0 0 0 0 0 6 0 60 60 60 60 60 60 0 0 0 0 0 0 0 0 0 0 0 0 0 0 0 0 
21:4:31 0 0 0 0 0 0 60 8 0 0 1 12 0 0 6 1 0 1 0 12 11 0 4 9 0 2 7 13 5 14 0 0 0 0 5 0 0 0 0 0 0 0 0 0 10 0 60 60 60 60 60 60 0 0 0 0 0 0 0 0 0 0 0 0 0 0 0 0 
21:5:31 0 0 0 0 0 0 60 0 0 0 1 11 0 0 6 1 0 1 0 14 10 1 10 11 0 5 9 14 4 0 2 0 0 0 5 0 0 0 0 0 0 0 0 0 14 0 60 60 60 60 60 60 0 0 0 0 0 0 0 0 0 0 0 0 0 0 0 0 
21:6:31 0 0 0 0 0 0 60 0 0 1 0 8 0 0 11 1 0 0 0 7 10 0 13 10 6 4 0 12 12 0 0 0 0 0 5 0 0 0 0 0 0 0 0 0 0 0 60 60 60 60 60 60 0 0 0 0 0 0 0 0 0 0 0 0 0 0 0 0 
21:7:31 0 0 0 0 0 0 60 0 0 0 0 7 0 0 1 1 0 0 3 6 9 0 7 13 7 0 0 14 6 0 1 0 0 0 2 2 0 0 0 0 0 0 0 0 0 0 60 60 60 60 60 60 0 0 0 0 0 0 0 0 0 0 0 0 0 0 0 0 
21:8:31 0 0 0 0 0 0 60 0 0 0 0 7 0 0 1 4 0 1 3 4 10 0 5 14 2 4 9 11 12 0 0 0 0 0 2 1 0 0 0 0 0 0 0 0 14 4 60 60 60 60 60 60 0 0 0 0 0 0 0 0 0 0 0 0 0 0 0 0 
21:9:31 0 0 0 0 0 0 60 0 0 0 1 7 0 0 5 2 1 0 6 1 11 0 9 14 0 0 7 10 14 0 0 0 0 0 0 2 0 0 0 0 0 0 0 0 0 10 60 60 60 60 60 60 0 0 0 0 0 0 0 0 0 0 0 0 0 0 0 0 
21:10:31 0 0 0 0 0 0 60 0 0 0 0 8 0 0 6 1 1 0 0 0 7 0 12 13 0 1 6 7 13 0 0 0 0 0 4 0 0 0 0 0 0 0 0 0 0 12 60 60 60 60 60 60 0 0 0 0 0 0 0 0 0 0 0 0 0 0 0 0 
21:11:31 0 0 0 0 0 0 60 0 0 0 0 9 0 0 4 2 7 0 5 4 6 0 9 10 0 1 11 13 6 0 0 0 0 0 6 0 0 0 0 0 0 0 0 0 0 4 60 60 60 60 60 60 0 0 0 0 0 0 0 0 0 0 0 0 0 0 0 0 
21:12:31 0 0 0 0 0 0 60 0 0 0 1 10 0 0 8 0 4 1 0 11 10 0 10 12 0 7 7 15 10 0 0 0 0 0 4 0 0 0 0 0 0 0 0 0 0 11 60 60 60 60 60 60 0 0 0 0 0 0 0 0 0 0 0 0 0 0 0 0 
21:13:31 0 0 0 0 0 0 60 0 0 0 2 8 0 0 7 4 0 6 0 12 5 1 10 13 1 7 5 11 13 0 3 0 0 0 7 2 0 0 0 0 0 0 0 0 0 18 60 60 60 60 60 60 0 0 0 0 0 0 0 0 0 0 0 0 0 0 0 0 
21:14:31 0 0 0 0 0 0 60 0 0 1 1 8 0 0 1 0 5 6 0 7 7 1 12 11 0 13 11 12 8 0 2 0 0 1 6 0 0 0 0 0 0 0 0 0 15 16 60 60 60 60 60 60 0 0 0 0 0 0 0 0 0 0 0 0 0 0 0 0 
21:15:31 0 0 0 0 0 0 60 8 0 2 1 7 0 0 0 0 7 1 0 12 5 1 12 12 0 11 12 5 5 0 0 0 0 0 5 0 0 0 0 0 0 0 0 0 14 16 60 60 60 60 60 60 0 0 0 0 0 0 0 0 0 0 0 0 0 0 0 0 
21:16:31 0 0 0 0 0 0 60 16 0 0 6 6 0 0 3 1 9 1 0 12 5 0 7 12 0 11 12 10 11 6 0 0 0 0 2 1 0 0 0 0 0 0 0 0 18 19 60 60 60 60 60 60 0 0 0 0 0 0 0 0 0 0 0 0 0 0 0 0 
21:17:31 0 0 0 0 0 0 60 8 0 0 1 7 0 0 3 1 12 6 0 12 3 2 6 11 0 11 11 14 11 10 0 0 0 0 1 3 0 0 0 0 0 0 0 0 16 16 60 60 60 60 60 60 0 0 0 0 0 0 0 0 0 0 0 0 0 0 0 0 
21:18:31 0 0 0 0 0 0 60 8 0 1 0 11 0 0 1 1 12 4 0 10 2 0 11 7 1 11 10 14 6 6 0 0 0 0 2 3 0 0 0 0 0 0 0 0 11 18 60 60 60 60 60 60 0 0 0 0 0 0 0 0 0 0 0 0 0 0 0 0 
21:19:31 0 0 0 0 0 0 60 0 0 0 0 7 0 0 0 3 1 1 0 11 3 0 9 8 1 9 13 11 9 16 1 0 0 0 3 0 0 0 0 0 0 0 0 0 14 17 60 60 60 60 60 60 0 0 0 0 0 0 0 0 0 0 0 0 0 0 0 0 
21:20:31 0 0 0 0 0 0 60 0 0 0 0 10 0 0 1 0 0 3 0 12 1 2 9 8 0 4 12 13 5 2 0 0 0 0 3 0 0 0 0 0 0 0 0 0 26 17 60 60 60 60 60 60 0 0 0 0 0 0 0 0 0 0 0 0 0 0 0 0 
21:21:31 0 0 0 0 0 0 60 0 2 0 0 7 0 0 3 2 0 12 0 9 3 0 10 12 1 9 11 10 0 0 1 0 0 0 5 0 0 0 0 0 0 0 0 0 17 18 60 60 60 60 60 60 0 0 0 0 0 0 0 0 0 0 0 0 0 0 0 0 
21:22:31 0 0 0 0 0 0 60 8 6 0 0 8 0 0 0 0 0 10 0 7 1 1 12 13 0 7 13 10 0 0 1 0 0 0 10 0 0 0 0 0 0 0 0 0 15 19 60 60 60 60 60 60 0 0 0 0 0 0 0 0 0 0 0 0 0 0 0 0 
21:23:31 0 0 0 0 0 0 60 0 2 2 0 4 0 0 0 1 0 12 1 5 1 1 12 9 2 3 10 11 1 4 0 0 0 0 7 0 0 0 0 0 0 0 0 0 14 20 60 60 60 60 60 60 0 0 0 0 0 0 0 0 0 0 0 0 0 0 0 0 
21:24:31 0 0 0 0 0 0 60 16 5 0 0 10 0 0 2 4 0 12 0 9 2 0 12 11 0 11 1 7 0 4 0 0 0 0 3 0 0 0 0 0 0 0 0 0 14 16 60 60 60 60 60 60 0 0 0 0 0 0 0 0 0 0 0 0 0 0 0 0 
21:25:31 0 0 0 0 0 0 60 8 4 1 0 6 0 0 1 0 0 13 0 7 1 0 13 9 0 10 5 9 2 11 0 0 0 0 0 0 0 0 0 0 0 0 0 0 0 20 60 60 60 60 60 60 0 0 0 0 0 0 0 0 0 0 0 0 0 0 0 0 
21:26:31 0 0 0 0 0 0 60 0 3 0 1 9 0 0 0 1 0 11 0 8 1 0 14 12 0 12 3 10 0 7 0 0 0 0 2 1 0 0 0 0 0 0 0 0 26 16 60 60 60 60 60 60 0 0 0 0 0 0 0 0 0 0 0 0 0 0 0 0 
21:27:31 0 0 0 0 0 0 60 8 6 0 0 9 0 0 1 1 0 9 0 9 1 1 11 11 0 10 7 7 0 5 1 0 0 0 0 1 0 0 0 0 0 0 0 0 13 19 60 60 60 60 60 60 0 0 0 0 0 0 0 0 0 0 0 0 0 0 0 0 
21:28:31 0 0 0 0 0 0 60 0 0 0 0 7 0 0 0 4 2 12 0 9 1 0 13 13 0 12 2 12 0 3 1 0 0 0 6 0 0 0 0 0 0 0 0 0 34 20 60 60 60 60 60 60 0 0 0 0 0 0 0 0 0 0 0 0 0 0 0 0 
21:29:31 0 0 0 0 0 0 60 15 7 0 0 5 0 0 0 6 0 13 0 5 2 0 12 11 0 10 8 12 2 0 1 0 0 0 2 0 0 0 0 0 0 0 0 0 15 18 60 60 60 60 60 60 0 0 0 0 0 0 0 0 0 0 0 0 0 0 0 0 
21:30:31 0 0 0 0 0 0 60 8 3 0 0 8 0 0 0 2 1 10 1 1 1 0 13 8 0 12 10 10 10 0 2 0 0 0 5 0 0 0 0 0 0 0 0 0 14 21 60 60 60 60 60 60 0 0 0 0 0 0 0 0 0 0 0 0 0 0 0 0 
21:31:31 0 0 0 0 0 0 60 0 2 0 0 10 0 0 0 5 1 11 0 2 1 0 7 12 0 11 12 11 7 0 0 0 0 2 8 0 0 0 0 0 0 0 0 0 7 17 60 60 60 60 60 60 0 0 0 0 0 0 0 0 0 0 0 0 0 0 0 0 
21:32:31 0 0 0 0 0 0 60 0 4 0 1 7 0 0 0 1 0 11 1 10 2 1 16 13 1 10 12 12 16 2 1 0 0 0 5 0 0 0 0 0 0 0 0 0 37 17 60 60 60 60 60 60 0 0 0 0 0 0 0 0 0 0 0 0 0 0 0 0 
21:33:31 0 0 0 0 0 0 60 8 1 0 0 7 0 0 0 4 0 11 0 6 1 1 9 12 0 13 11 3 17 0 0 0 0 0 3 0 0 0 0 2 0 0 0 0 15 15 60 60 60 60 60 60 0 0 0 0 0 0 0 0 0 0 0 0 0 0 0 0 
21:34:31 0 0 0 0 0 0 60 0 0 0 0 7 0 0 0 10 0 9 0 10 1 0 12 10 0 10 12 10 12 0 0 0 0 0 2 1 0 0 0 0 0 0 0 0 15 19 60 60 60 60 60 60 0 0 0 0 0 0 0 0 0 0 0 0 0 0 0 0 
21:35:31 0 0 0 0 0 0 60 0 0 0 0 7 0 0 0 10 0 5 0 9 0 0 12 3 0 12 13 9 12 2 1 0 0 0 1 1 0 0 0 0 0 0 0 0 14 17 60 60 60 60 60 60 0 0 0 0 0 0 0 0 0 0 0 0 0 0 0 0 
21:36:31 0 0 0 0 0 0 60 0 0 0 0 7 0 0 0 14 0 8 0 7 1 0 12 2 0 7 13 12 16 1 0 0 0 0 3 1 0 0 0 0 0 0 0 0 29 20 60 60 60 60 60 60 0 0 0 0 0 0 0 0 0 0 0 0 0 0 0 0 
21:37:31 0 0 0 0 0 0 60 0 0 0 0 9 0 0 0 10 0 8 0 9 2 0 11 4 0 10 11 15 17 0 2 0 0 0 1 0 0 0 0 0 0 0 0 0 15 15 60 60 60 60 60 60 0 0 0 0 0 0 0 0 0 0 0 0 0 0 0 0 
21:38:31 0 0 0 0 0 0 60 0 0 0 0 8 0 0 0 10 0 10 0 10 1 2 8 1 0 11 11 11 11 2 1 0 0 1 5 0 0 0 0 0 0 0 0 0 15 20 60 60 60 60 60 60 0 0 0 0 0 0 0 0 0 0 0 0 0 0 0 0 
21:39:31 0 0 0 0 0 0 60 0 0 0 0 7 0 0 0 10 0 10 0 2 1 0 8 5 0 13 5 11 15 1 0 0 0 0 4 0 0 0 0 0 0 0 0 0 26 21 60 60 60 60 60 60 0 0 0 0 0 0 0 0 0 0 0 0 0 0 0 0 
21:40:31 0 0 0 0 0 0 60 8 0 0 1 6 0 0 1 12 4 5 0 6 1 0 2 2 1 10 4 10 10 0 3 0 0 0 5 1 0 0 0 0 0 0 0 0 18 19 60 60 60 60 60 60 0 0 0 0 0 0 0 0 0 0 0 0 0 0 0 0 
21:41:31 0 0 0 0 0 0 60 0 0 0 0 6 0 0 1 10 3 7 0 6 4 1 3 3 1 7 0 7 13 0 2 0 0 1 6 0 0 0 0 0 0 0 0 0 15 20 60 60 60 60 60 60 0 0 0 0 0 0 0 0 0 0 0 0 0 0 0 0 
21:42:31 0 0 0 0 0 0 60 0 0 2 0 5 0 0 2 10 2 8 0 5 1 0 1 5 0 10 3 11 11 0 0 0 0 0 4 0 0 0 0 0 0 0 0 0 15 17 60 60 60 60 60 60 0 0 0 0 0 0 0 0 0 0 0 0 0 0 0 0 
21:43:31 0 0 0 0 0 0 60 0 0 0 2 4 0 0 0 4 6 9 0 12 0 0 3 3 1 5 3 12 18 0 1 0 0 0 1 1 0 0 0 0 0 0 0 0 18 16 60 60 60 60 60 60 0 0 0 0 0 0 0 0 0 0 0 0 0 0 0 0 
21:44:31 0 0 0 0 0 0 60 0 0 0 2 7 0 0 3 11 4 5 0 6 0 1 3 9 0 6 2 12 15 0 0 0 0 0 0 1 0 0 0 0 0 0 0 0 25 12 60 60 60 60 60 60 0 0 0 0 0 0 0 0 0 0 0 0 0 0 0 0 
21:45:31 0 0 0 0 0 0 60 7 0 0 0 9 0 0 0 7 2 10 0 9 0 1 1 9 0 1 8 9 17 0 0 0 0 0 2 2 0 0 0 0 0 0 0 0 26 17 60 60 60 60 60 60 0 0 0 0 0 0 0 0 0 0 0 0 0 0 0 0 
21:46:31 0 0 0 0 0 0 60 1 0 0 0 10 0 0 0 12 0 7 1 7 0 0 8 13 0 6 0 8 16 0 2 0 0 0 2 0 0 0 0 0 0 0 0 0 31 21 60 60 60 60 60 60 0 0 0 0 0 0 0 0 0 0 0 0 0 0 0 0 
21:47:31 0 0 0 0 0 0 60 8 0 0 0 6 0 0 0 12 0 2 0 11 1 1 11 10 0 5 2 10 17 0 0 0 0 0 2 0 0 0 0 0 0 0 0 0 0 17 60 60 60 60 60 60 0 0 0 0 0 0 0 0 0 0 0 0 0 0 0 0 
21:48:31 0 0 0 0 0 0 60 0 0 0 0 6 0 0 0 12 0 8 0 6 4 0 11 13 0 0 8 10 16 0 1 0 0 0 1 0 0 0 0 0 0 0 0 0 45 15 60 60 60 60 60 60 0 0 0 0 0 0 0 0 0 0 0 0 0 0 0 0 
21:49:31 0 0 0 0 0 0 60 0 2 0 0 7 0 0 0 12 0 13 0 2 1 3 12 11 0 5 10 12 14 0 0 0 0 0 0 0 0 0 0 0 0 0 0 0 31 16 60 60 60 60 60 60 0 0 0 0 0 0 0 0 0 0 0 0 0 0 0 0 
21:50:31 0 0 0 0 0 0 60 0 6 3 0 8 0 0 0 13 0 10 4 1 1 0 11 10 2 10 9 11 18 0 0 0 0 0 0 0 0 0 0 0 0 0 0 0 41 21 60 60 60 60 60 60 0 0 0 0 0 0 0 0 0 0 0 0 0 0 0 0 
21:51:31 0 0 0 0 0 0 60 15 4 0 0 7 0 0 0 13 6 12 2 4 2 2 14 9 11 10 11 13 18 0 0 0 0 0 1 0 0 0 0 0 0 0 0 0 44 20 60 60 60 60 60 60 0 0 0 0 0 0 0 0 0 0 0 0 0 0 0 0 
21:52:31 0 0 0 0 0 0 60 8 3 0 0 12 0 0 0 11 0 11 4 4 2 1 12 11 11 10 9 9 16 0 1 0 0 0 0 1 0 0 0 0 0 0 0 0 16 16 60 60 60 60 60 60 0 0 0 0 0 0 0 0 0 0 0 0 0 0 0 0 
21:53:31 0 0 0 0 0 0 60 0 4 0 0 7 0 0 0 6 0 12 3 4 1 2 8 11 10 11 12 8 16 0 0 0 0 0 1 0 0 0 0 0 0 0 0 0 30 14 60 60 60 60 60 60 0 0 0 0 0 0 0 0 0 0 0 0 0 0 0 0 
21:54:31 0 0 0 0 0 0 60 0 8 0 0 8 0 0 2 15 0 11 6 3 0 4 10 8 8 12 11 12 16 0 1 0 0 0 0 0 0 0 0 0 0 0 0 0 29 17 60 60 60 60 60 60 0 0 0 0 0 0 0 0 0 0 0 0 0 0 0 0 
21:55:31 0 0 0 0 0 0 60 0 2 1 0 10 0 0 0 12 0 12 6 0 0 9 6 6 13 6 14 11 17 0 2 0 0 0 0 0 0 0 0 0 0 0 0 0 31 19 60 60 60 60 60 60 0 0 0 0 0 0 0 0 0 0 0 0 0 0 0 0 
21:56:31 0 0 0 0 0 0 60 1 0 3 0 12 0 0 1 10 0 8 10 0 2 7 10 9 11 12 11 11 14 0 0 0 0 0 0 0 0 0 0 0 0 0 0 0 39 18 60 60 60 60 60 60 0 0 0 0 0 0 0 0 0 0 0 0 0 0 0 0 
21:57:31 0 0 0 0 0 0 60 15 0 7 0 7 0 0 2 6 0 6 11 0 0 4 13 13 11 12 17 11 19 0 0 0 0 0 1 0 0 0 0 0 0 0 0 0 31 16 60 60 60 60 60 60 0 0 0 0 0 0 0 0 0 0 0 0 0 0 0 0 
21:58:31 0 0 0 0 0 0 60 0 2 3 0 6 0 0 0 12 0 7 5 0 2 8 6 12 12 11 11 11 15 0 1 0 0 0 1 0 0 0 0 0 0 0 0 0 29 20 60 60 60 60 60 60 0 0 0 0 0 0 0 0 0 0 0 0 0 0 0 0 
21:59:31 0 0 0 0 0 0 60 0 0 0 0 9 0 0 0 12 0 9 5 0 0 6 11 12 10 11 12 11 20 1 1 0 0 0 1 0 0 0 0 0 0 0 0 0 28 16 60 60 60 60 60 60 0 0 0 0 0 0 0 0 0 0 0 0 0 0 0 0 
22:0:31 0 0 0 0 0 0 60 0 0 0 0 9 0 0 0 11 0 8 1 0 0 5 11 13 11 11 12 16 13 3 0 0 0 0 1 0 0 0 0 0 0 0 0 0 28 18 60 60 60 60 60 60 0 0 0 0 0 0 0 0 0 0 0 0 0 0 0 0 
